seed,N,n,p,K,r,m,phi,spatial_svd_time,spatial_svd_err,spatial_svd_acc,vanilla_svd_time,vanilla_svd_err,vanilla_svd_acc
78,30,1000,30,3,0.05,5,0.1,1195.8566764593124,12.889798227162936,0.965,3.533110116608441,13.682675125964249,0.631
67,10,1000,30,3,0.05,5,0.1,1435.1140664829873,10.907392388455904,0.957,3.2266984581947327,20.139348087470403,0.504
358,30,1000,50,3,0.05,5,0.1,1566.5719838365912,11.633396747373412,0.942,3.1415423676371574,11.909949901349696,0.677
52,10,1000,30,3,0.05,5,0.1,1357.815389174968,8.711560574324544,0.953,3.237941433675587,20.628953617662777,0.472
347,10,1000,50,3,0.05,5,0.1,2295.618854891509,10.790922011789789,0.93,3.2579784467816353,19.80406661596289,0.301
356,30,1000,50,3,0.05,5,0.1,825.5915700867772,6.9772247252882655,0.959,3.3482667319476604,13.259128133747131,0.928
92,50,1000,10,3,0.05,5,0.1,869.3030545376241,16.421843817896217,0.96,3.1483659991063178,7.805700089600243,0.801
349,10,1000,50,3,0.05,5,0.1,2824.335601642728,11.363110876579542,0.831,3.2250725105404854,17.269691075781456,0.397
311,50,1000,50,3,0.05,5,0.1,978.6185319460928,14.528236053804044,0.963,3.0439644381403923,12.618210631072056,0.772
43,30,1000,30,3,0.05,5,0.1,849.8025839496404,9.010118112655489,0.946,3.441630925051868,10.748031868831315,0.89
76,30,1000,30,3,0.05,5,0.1,833.0727665289305,10.944746771555735,0.959,3.56055567227304,11.63025795618285,0.849
31,50,1000,30,3,0.05,5,0.1,905.7650372139178,9.176881552497282,0.97,3.3287896160036325,9.134617630208192,0.956
363,30,1000,50,3,0.05,5,0.1,1302.7214430868626,11.129626144705686,0.952,3.268999792635441,12.764173867957284,0.815
69,10,1000,30,3,0.05,5,0.1,1079.447063296102,7.085687341390245,0.968,3.2994976271875203,19.421767245743258,0.607
306,10,1000,50,3,0.05,5,0.1,3029.2532452866435,8.52257379582348,0.895,3.4827393516898155,16.902903373208844,0.475
85,10,1000,10,3,0.05,5,0.1,977.3877725666388,9.894369147188154,0.963,3.406115491874516,14.757786820025068,0.587
319,30,1000,50,3,0.05,5,0.1,963.2640725970268,10.417551125542047,0.971,3.184528522193432,12.89035136644662,0.669
13,10,1000,30,3,0.05,5,0.1,3903.4355208300985,10.677323533838202,0.748,3.2964498572982848,15.53516897059744,0.449
26,10,1000,30,3,0.05,5,0.1,1865.7682302012108,9.213094241976366,0.948,3.289315348956734,19.84948877733883,0.56
333,10,1000,50,3,0.05,5,0.1,3319.3786644749343,12.290834621096051,0.957,3.25975039601326,15.909255867281953,0.592
39,30,1000,30,3,0.05,5,0.1,1602.2616734057665,11.828923175379249,0.951,3.608486166223883,13.005934003674936,0.498
322,30,1000,50,3,0.05,5,0.1,1411.205272845924,10.153714993863185,0.952,3.056961316615343,12.628687148542946,0.72
70,50,1000,30,3,0.05,5,0.1,768.8580746650696,9.807584530395571,0.955,3.2154499338939786,8.848802891431987,0.979
28,10,1000,30,3,0.05,5,0.1,1425.967455564998,9.75839537404282,0.943,3.5516937961801887,19.08234537830005,0.442
37,30,1000,30,3,0.05,5,0.1,1541.3976979269646,11.759454707483815,0.937,3.21718826610595,11.592355274949124,0.434
365,50,1000,50,3,0.05,5,0.1,904.1649040691556,8.96206499664802,0.963,3.2976014502346516,10.51705609291584,0.988
308,10,1000,50,3,0.05,5,0.1,2653.543292142451,10.734255626878484,0.896,3.2846867702901363,18.803636368107263,0.446
5,10,1000,30,3,0.05,5,0.1,1167.3500602957793,9.939427791171331,0.936,3.3298190510831773,16.98369768966109,0.615
350,50,1000,50,3,0.05,5,0.1,1013.3225961476564,13.387093237060514,0.965,3.2379545979201794,10.420546526146564,0.741
317,30,1000,50,3,0.05,5,0.1,1455.0921251662076,10.133265384455118,0.958,3.119254559278488,14.132436584389684,0.654
45,50,1000,30,3,0.05,5,0.1,1927.3964529572984,11.259219798802503,0.926,3.289890843909234,10.050115846509575,0.646
94,30,1000,10,3,0.05,5,0.1,634.2649323767982,10.100768956481568,0.964,3.1424580020830035,8.014554105332056,0.91
25,50,1000,10,3,0.05,5,0.1,466.2526163603179,7.40648204807648,0.964,3.5026703900657594,7.134545834156298,0.996
89,200,1000,50,3,0.05,5,0.1,689.3224437083118,9.722202685940422,0.972,3.523299251217395,5.012994243090542,0.995
59,100,1000,50,3,0.05,5,0.1,865.7391534526832,10.76784322682966,0.959,3.497477979864925,10.286152559648748,0.981
62,30,1000,10,3,0.05,5,0.1,594.7933375812136,11.88941196865276,0.972,3.24612938798964,14.284702639048303,0.859
86,50,1000,30,3,0.05,5,0.1,989.9972024750896,10.557671275158963,0.974,3.622260152362287,10.987055080923394,0.941
29,100,1000,10,3,0.05,5,0.1,566.1398498653434,9.45752147014244,0.951,3.340231895912438,5.2226064751742145,0.998
8,50,1000,10,3,0.05,5,0.1,488.4846062501893,9.037334185743983,0.98,3.376490557100624,5.7188349899443,0.996
57,30,1000,10,3,0.05,5,0.1,815.0184295186773,11.594623469288551,0.967,3.358158430084586,11.806785090983084,0.878
10,50,1000,10,3,0.05,5,0.1,456.9013379877433,7.590515475170668,0.982,3.068933729082346,8.219601839172135,0.995
48,10,1000,10,3,0.05,5,0.1,576.3303279066458,9.368175461629017,0.946,3.359054419677705,13.052145085702785,0.77
6,50,1000,10,3,0.05,5,0.1,824.1625053877942,10.491872048216182,0.97,3.309659933205694,7.148222673830548,0.954
59,30,1000,10,3,0.05,5,0.1,469.42932875687256,10.81325161664031,0.948,3.530777835752815,9.50970945299626,0.985
88,50,1000,30,3,0.05,5,0.1,2278.51779593993,14.764425177134816,0.945,3.3943775109946728,13.55525132270488,0.584
18,100,1000,50,3,0.05,5,0.1,1070.641383417882,11.07013856409558,0.949,3.5516535718925297,7.354613191148672,0.883
46,10,1000,10,3,0.05,5,0.1,652.5856582229026,7.853508752718189,0.945,3.2076703179627657,12.264152535988863,0.886
73,10,1000,10,3,0.05,5,0.1,693.7234537880868,6.983928982451179,0.972,3.2534239469096065,14.550543741505852,0.786
68,100,1000,10,3,0.05,5,0.1,583.1808162801899,13.266172101821354,0.971,3.566191657911986,5.836765451377513,0.829
51,50,1000,10,3,0.05,5,0.1,459.9088607816957,10.02491959110304,0.958,3.6141533362679183,8.259336272470291,0.989
80,30,1000,30,3,0.05,5,0.1,777.1932962173596,8.363800779278385,0.951,3.2594509846530855,13.89723674465072,0.872
318,100,1000,10,3,0.05,5,0.1,504.2234228216112,7.732936549548646,0.969,3.4791994988918304,7.920832041331231,0.997
100,50,1000,10,3,0.05,5,0.1,488.3687924779952,6.861919137586331,0.974,3.22968838410452,9.603999246381743,0.991
395,30,1000,50,3,0.05,5,0.1,870.8829883635044,8.827754791901171,0.94,3.313433513045311,13.05763126047592,0.911
16,30,1000,10,3,0.05,5,0.1,1176.4050622875802,10.717058831930014,0.949,3.3648189869709313,15.95670921773834,0.556
29,200,1000,30,3,0.05,5,0.1,735.8542343056761,9.16706651184227,0.959,2.8529579918831587,5.38050019823624,0.998
23,30,1000,10,3,0.05,5,0.1,910.2436963529326,10.246144733661328,0.953,3.3598050042055547,13.875161334489407,0.739
64,50,1000,10,3,0.05,5,0.1,522.0214846590534,10.189669854811312,0.97,3.2651241989806294,6.0635337571656525,0.992
32,10,1000,10,3,0.05,5,0.1,627.6906598489732,7.939576750066395,0.963,3.335011417977512,13.194545881856396,0.912
9,100,1000,50,3,0.05,5,0.1,877.4158692061901,11.800063735468266,0.967,3.668225576169789,11.46475950635296,0.764
18,30,1000,10,3,0.05,5,0.1,650.7917722878046,10.561117512557468,0.955,3.2989723361097276,10.116238691472526,0.849
91,10,1000,30,3,0.05,5,0.1,2733.1777513911948,9.334911778754831,0.878,3.252442463301122,18.542960530917668,0.36
68,200,1000,30,3,0.05,5,0.1,709.8828746508807,13.589865615344731,0.966,3.3856627917848527,4.817065765232869,0.918
5,100,1000,10,3,0.05,5,0.1,439.3726095408201,9.503419651774015,0.958,3.6536127156578,6.326204685868603,0.997
97,200,1000,30,3,0.05,5,0.1,663.4638706170954,11.920657800338716,0.972,3.337909884750843,6.628502166995161,0.936
325,100,1000,10,3,0.05,5,0.1,425.79185220599174,12.628049777762028,0.962,3.40682614967227,8.595662501155665,0.997
47,100,1000,30,3,0.05,5,0.1,698.7073745750822,6.665316502907444,0.968,2.8566850386559963,8.863507023391454,0.998
344,10,1000,10,3,0.05,5,0.1,1025.6261290088296,8.683201307265984,0.928,3.345977049320936,19.132366290336236,0.581
14,200,1000,30,3,0.05,5,0.1,707.5584460194223,9.64664882967742,0.957,3.385798256844282,5.228312707876033,0.997
371,10,1000,10,3,0.05,5,0.1,834.839603126049,7.515208733637376,0.956,3.303733002394438,12.874641855481004,0.824
329,50,1000,10,3,0.05,5,0.1,1315.9118617139757,14.155685622215092,0.945,3.3517241291701794,11.459859932114528,0.775
327,50,1000,10,3,0.05,5,0.1,508.2202475965023,8.075554161663995,0.965,3.3017886988818645,5.98920863859268,0.966
360,30,1000,10,3,0.05,5,0.1,764.6632364429533,11.82269565643807,0.965,3.3753275461494923,7.621113494998566,0.852
355,30,1000,10,3,0.05,5,0.1,998.329001814127,11.467470911304334,0.888,3.4409373998641968,11.116556637427877,0.753
384,50,1000,30,3,0.05,5,0.1,900.3906725309789,9.924988543487546,0.962,3.5665250904858112,9.095239336581466,0.927
91,50,1000,50,3,0.05,5,0.1,925.8055229852908,9.335643854777038,0.966,3.3427193430252373,10.926299758299292,0.881
55,200,1000,30,3,0.05,5,0.1,623.6557095050812,9.756134435603132,0.966,3.606154290959239,5.88679930958411,0.998
85,100,1000,30,3,0.05,5,0.1,1110.2091804249212,9.993384557747762,0.978,3.2686069780029356,7.033071306004326,0.97
312,50,1000,10,3,0.05,5,0.1,647.910284049809,9.405611247541884,0.964,3.739851590245962,9.134932496161827,0.982
5,200,1000,30,3,0.05,5,0.1,581.2887314097025,9.532876252953384,0.963,3.2678926051594317,7.639970757530082,0.997
97,100,1000,10,3,0.05,5,0.1,499.699632616248,12.330428324229691,0.973,3.5243841162882745,5.860069515291767,0.826
47,200,1000,10,3,0.05,5,0.1,496.3121174899861,6.6420306572528105,0.974,3.629459460731596,6.022599626208165,0.998
64,100,1000,50,3,0.05,5,0.1,850.4508686438203,10.405723897735678,0.97,3.301258383784443,7.94042238484279,0.962
368,50,1000,10,3,0.05,5,0.1,495.25993141904473,8.917513715650486,0.98,3.3952866680920124,8.101001878992433,0.982
305,10,1000,10,3,0.05,5,0.1,624.3658195696771,6.994490779022662,0.97,3.1124702841043472,13.60985508072911,0.889
37,200,1000,50,3,0.05,5,0.1,800.346942559816,13.800057707482498,0.955,3.266284022014588,7.246795427484296,0.785
14,100,1000,10,3,0.05,5,0.1,517.3963062250987,10.134903817984306,0.952,3.080319283064455,7.695336744341252,0.998
86,10,1000,50,3,0.05,5,0.1,2277.88085392816,7.569332199465946,0.925,3.4789637979120016,18.340457858434227,0.324
99,30,1000,50,3,0.05,5,0.1,1395.877047649119,10.982765080868468,0.952,3.367145538330078,11.850516574270427,0.622
393,10,1000,30,3,0.05,5,0.1,2904.9622153937817,11.165883042350602,0.935,3.2935870066285133,16.114059617996592,0.475
88,10,1000,50,3,0.05,5,0.1,5096.380058358889,14.02309260546271,0.259,3.2927612299099565,12.628925175128511,0.358
382,30,1000,30,3,0.05,5,0.1,1285.554850898683,13.4188308199237,0.939,3.3311061449348927,12.28669596239738,0.672
353,50,1000,10,3,0.05,5,0.1,512.1181886941195,8.79231523260407,0.942,3.2650527469813824,6.981021897653162,0.998
314,30,1000,10,3,0.05,5,0.1,757.5949928797781,15.28308073529373,0.974,3.2271535582840443,9.305834886400651,0.842
25,100,1000,50,3,0.05,5,0.1,654.8757850569673,7.966884412457897,0.956,3.4972183317877352,8.945177440982773,0.998
97,30,1000,50,3,0.05,5,0.1,1333.6097749117762,8.93593982163032,0.971,3.8704762659035623,14.604542005122966,0.461
321,30,1000,10,3,0.05,5,0.1,4276.411238323897,10.14661396833049,0.899,3.4560542590916157,13.692093630621889,0.43
366,50,1000,10,3,0.05,5,0.1,545.298867624253,10.841973300828236,0.952,3.233287565410137,7.679685690095384,0.949
55,100,1000,10,3,0.05,5,0.1,486.488726306241,10.360677080397046,0.962,3.1128788529895246,6.408466779428024,0.998
85,200,1000,10,3,0.05,5,0.1,675.180498640053,11.314228689762338,0.968,3.4742244658991694,5.430694349054975,0.998
76,200,1000,50,3,0.05,5,0.1,635.2886216635816,10.858162429773316,0.96,3.7173963710665703,6.816470538017038,0.995
53,100,1000,30,3,0.05,5,0.1,775.840293074958,11.325570697224451,0.977,2.836406603921205,7.305669693098184,0.943
83,200,1000,30,3,0.05,5,0.1,837.4087299220264,12.067678915478773,0.914,3.59960709605366,9.722320194932028,0.832
331,100,1000,10,3,0.05,5,0.1,464.5375249385834,10.327998434467837,0.964,3.305595830082894,9.331997912546868,0.992
306,50,1000,30,3,0.05,5,0.1,801.5982063114643,10.967637130624816,0.938,3.216464631259442,11.109638297223016,0.817
54,30,1000,50,3,0.05,5,0.1,1049.9762015719898,9.78667704782006,0.967,3.3348079272545874,12.421341214043853,0.659
13,50,1000,50,3,0.05,5,0.1,1831.535624720156,13.667056686406422,0.929,2.822405613027513,14.84900517787812,0.614
341,30,1000,30,3,0.05,5,0.1,936.3568660095334,10.351986744403634,0.968,3.3883410543203354,12.29889957975104,0.837
390,50,1000,10,3,0.05,5,0.1,949.7664059512316,10.649726710159092,0.968,3.3296281658113003,12.19811025154847,0.653
26,50,1000,50,3,0.05,5,0.1,866.6960556176491,8.014180869818397,0.962,3.4248983031138778,13.23213412270252,0.927
374,30,1000,30,3,0.05,5,0.1,751.9420618414879,7.2562726985277,0.975,3.4261473417282104,11.580883084891534,0.951
333,50,1000,30,3,0.05,5,0.1,843.3787144199014,12.047741660519934,0.968,3.3301047421991825,14.670997379802202,0.609
61,30,1000,50,3,0.05,5,0.1,1137.620853129309,7.877581860062295,0.968,3.341872800141573,10.493851356373437,0.891
28,50,1000,50,3,0.05,5,0.1,928.511296718847,9.077923152333309,0.947,3.4898242843337357,10.467036428927042,0.961
70,10,1000,50,3,0.05,5,0.1,1788.189071090892,10.424770533839148,0.929,3.2303492398932576,17.697957930611036,0.552
365,10,1000,30,3,0.05,5,0.1,1148.9231728576124,8.905787069125932,0.972,3.1665794365108013,16.84177451378978,0.667
370,100,1000,10,3,0.05,5,0.1,507.6854468397796,10.459139707639803,0.953,3.2951822578907013,4.9592761175491376,0.998
12,100,1000,30,3,0.05,5,0.1,768.9593398249708,9.63948809155326,0.966,3.402410014998168,8.367926536955519,0.986
350,10,1000,30,3,0.05,5,0.1,2060.566210106015,7.492946586438925,0.909,3.2751897014677525,14.710240460432791,0.547
5,50,1000,50,3,0.05,5,0.1,810.933862103615,9.104701637778309,0.961,3.253693614155054,11.702614263158528,0.961
308,50,1000,30,3,0.05,5,0.1,1049.3331659212708,12.07706536849782,0.956,3.6852563321590424,12.861096751483288,0.886
91,100,1000,30,3,0.05,5,0.1,845.5493002012372,10.525160607264908,0.964,3.2628607312217355,6.994322983792989,0.968
41,200,1000,30,3,0.05,5,0.1,641.3104236330837,10.12841696892074,0.951,3.3917530099861324,6.473610676169019,0.995
3,200,1000,10,3,0.05,5,0.1,579.3252005870454,11.692522125385192,0.972,3.2469842047430575,4.6187737267394136,0.991
45,10,1000,50,3,0.05,5,0.1,17532.32457994204,11.952457376080371,0.708,3.3678519860841334,13.739552548449128,0.486
70,100,1000,50,3,0.05,5,0.1,716.779297827743,10.027907621363148,0.961,3.353415876161307,6.596482295911715,0.982
20,30,1000,50,3,0.05,5,0.1,1380.2319574346766,10.063797011068862,0.941,3.1591256484389305,13.276685389522305,0.653
53,200,1000,10,3,0.05,5,0.1,581.066618102137,12.654904990951758,0.979,3.597112271003425,4.861086561047166,0.946
372,50,1000,30,3,0.05,5,0.1,854.3385463915765,7.575438815329477,0.962,3.426438357681036,8.975687171325117,0.985
83,100,1000,10,3,0.05,5,0.1,683.9699090798385,11.451219925070983,0.893,3.1562004941515625,6.348962496425495,0.879
335,30,1000,30,3,0.05,5,0.1,991.741417657584,8.38740356845944,0.964,3.1234694197773933,12.239965121969025,0.957
67,50,1000,50,3,0.05,5,0.1,766.5720003531314,9.27544972359975,0.968,3.4384887483902276,11.751363771563298,0.979
52,50,1000,50,3,0.05,5,0.1,926.0532750748098,7.625835188798837,0.962,3.519985989201814,9.370469665665494,0.974
23,200,1000,50,3,0.05,5,0.1,848.8279998800717,10.156220518567888,0.941,2.7818567641079426,6.866682364120093,0.931
389,10,1000,10,3,0.05,5,0.1,599.0285473130643,8.438738304569405,0.955,3.195267576724291,12.984958299873355,0.922
396,30,1000,10,3,0.05,5,0.1,1425.5080618038774,12.632608426461324,0.948,3.121602676808834,16.78639421757458,0.412
15,30,1000,50,3,0.05,5,0.1,1116.6017612251453,10.0450109510811,0.97,3.090100894216448,14.48624108273025,0.787
347,50,1000,30,3,0.05,5,0.1,993.0565285682678,11.8300249252212,0.952,2.8166718296706676,7.364023420418593,0.902
387,10,1000,10,3,0.05,5,0.1,1165.2038610577583,11.508765076831605,0.957,3.501388516277075,15.7637752231042,0.549
311,10,1000,30,3,0.05,5,0.1,2400.3250460475683,13.740213233714812,0.916,3.17837380990386,17.2802476952793,0.273
349,50,1000,30,3,0.05,5,0.1,955.8379184529184,10.467640048879597,0.959,3.483296662569046,9.069695944426144,0.838
12,200,1000,10,3,0.05,5,0.1,514.2484904350713,9.661773097304849,0.969,3.415218133945018,4.793821145639919,0.998
398,30,1000,10,3,0.05,5,0.1,755.6274214088917,8.74318890433401,0.969,3.469699028879404,10.851797071362435,0.964
31,100,1000,50,3,0.05,5,0.1,803.3083673408255,9.55124085007039,0.963,3.4323144261725247,6.578937111035068,0.988
324,10,1000,30,3,0.05,5,0.1,1629.7052557505667,11.983345652973368,0.955,3.277544990181923,17.73976881740709,0.578
69,50,1000,50,3,0.05,5,0.1,1181.1898238314316,6.905277937213999,0.985,3.4804754592478275,10.834114089127494,0.986
62,200,1000,50,3,0.05,5,0.1,636.6943431356922,12.07322592643786,0.975,3.692357418127358,9.508175202361064,0.997
31,10,1000,50,3,0.05,5,0.1,2381.1348193059675,8.692278670031708,0.943,3.2919415440410376,19.22241806104364,0.372
91,200,1000,10,3,0.05,5,0.1,559.3096730681136,10.468029995793476,0.965,3.541002876125276,4.473768604141454,0.996
41,100,1000,10,3,0.05,5,0.1,701.9680075268261,10.1140099505136,0.95,3.428508843295276,6.108749822398507,0.997
3,100,1000,30,3,0.05,5,0.1,1034.243106791284,8.914371155539252,0.974,3.816980532836169,7.329604289554804,0.88
397,30,1000,10,3,0.05,5,0.1,663.6701288484037,7.841356792834413,0.958,3.5069164857268333,13.172232697783263,0.943
335,100,1000,10,3,0.05,5,0.1,474.7852806299925,8.598583807149543,0.958,3.1180362924933434,5.450657884036409,0.997
87,200,1000,30,3,0.05,5,0.1,553.2714314777404,12.85226802037212,0.957,3.4796454682946205,5.209530724307763,0.983
57,100,1000,30,3,0.05,5,0.1,873.8459160658531,12.303240879600876,0.966,2.8371670292690396,7.5169724608364,0.954
14,30,1000,50,3,0.05,5,0.1,997.0709418337792,9.943274076222565,0.958,3.381216213107109,14.007136062325118,0.839
346,50,1000,30,3,0.05,5,0.1,919.7207915447652,12.560524249037211,0.948,2.8117922954261303,13.800434742256252,0.841
301,30,1000,30,3,0.05,5,0.1,1707.2604378908873,9.25523214203104,0.965,3.3177067935466766,14.394545162270015,0.458
100,100,1000,10,3,0.05,5,0.1,529.1665634629317,7.129067247601979,0.972,2.866473923902958,6.385685601597597,0.998
53,50,1000,50,3,0.05,5,0.1,886.912200964056,12.568214318148154,0.959,2.850795296020806,15.156441364124404,0.501
388,10,1000,10,3,0.05,5,0.1,1346.3716229610145,11.061508826804507,0.957,3.372425604611635,14.82247191906693,0.473
334,30,1000,30,3,0.05,5,0.1,3524.8986471816897,12.65320305807252,0.865,3.396564319729805,14.863599242295251,0.544
66,50,1000,50,3,0.05,5,0.1,1400.0542443990707,12.65897889444922,0.932,3.449292334727943,12.118268523347655,0.665
21,30,1000,50,3,0.05,5,0.1,2488.6235201731324,14.52178043523327,0.945,3.6370383501052856,12.5719036168547,0.472
373,50,1000,30,3,0.05,5,0.1,1054.8872919641435,13.675369047591424,0.928,3.431981336325407,8.296695526282416,0.686
30,10,1000,50,3,0.05,5,0.1,5370.280119659845,11.399419117829265,0.886,3.342853422742337,17.16585156682243,0.475
68,50,1000,50,3,0.05,5,0.1,1294.258484343998,11.213257672924165,0.966,3.116395396180451,10.660757073819791,0.673
16,100,1000,30,3,0.05,5,0.1,1144.361492329277,12.268639560026006,0.928,3.467405271716416,8.123175909078912,0.938
325,10,1000,30,3,0.05,5,0.1,2069.622062012553,11.156842863937335,0.941,3.3139702044427395,16.421694764532706,0.526
348,50,1000,30,3,0.05,5,0.1,1432.8901752494276,10.665468658471257,0.894,3.374201912432909,12.524141138146772,0.561
310,10,1000,30,3,0.05,5,0.1,2460.784311361611,10.283451986187275,0.939,3.4093075953423977,16.37344637600806,0.599
399,30,1000,10,3,0.05,5,0.1,459.0669980980456,8.422162673367296,0.954,3.5565297678112984,10.297199422164107,0.99
386,10,1000,10,3,0.05,5,0.1,878.705189075321,8.021186018167777,0.962,3.1974327377974987,15.039230809312809,0.672
45,200,1000,30,3,0.05,5,0.1,764.6050568008795,13.72583959071759,0.93,3.62611546786502,7.6636239220905775,0.763
95,100,1000,30,3,0.05,5,0.1,866.1183987781405,12.769685038933464,0.966,3.343261525966227,7.511186154162416,0.844
7,200,1000,10,3,0.05,5,0.1,683.2743406519294,12.548048745897493,0.955,3.3487786520272493,5.97563111466409,0.998
87,100,1000,10,3,0.05,5,0.1,504.05562722310424,12.733229455595549,0.959,3.4953953833319247,4.5851321160524385,0.984
332,50,1000,30,3,0.05,5,0.1,1376.4555409923196,13.512380563416556,0.967,3.2286364026367664,8.725353037197449,0.767
57,200,1000,10,3,0.05,5,0.1,585.3164808182046,12.710757585844537,0.963,2.854097436182201,8.45333608970898,0.998
74,100,1000,50,3,0.05,5,0.1,1013.2357090311124,14.083487983228231,0.966,3.4625414479523897,13.74018980037814,0.842
100,200,1000,30,3,0.05,5,0.1,602.6397589342669,6.939869677780957,0.973,3.400725482031703,6.630541604101248,0.998
27,50,1000,50,3,0.05,5,0.1,908.3217976391315,8.093861208151234,0.972,3.4542485801503062,12.761334388762444,0.875
375,30,1000,30,3,0.05,5,0.1,1297.8213246054947,9.574205793540632,0.943,3.1132140308618546,11.470351396546636,0.769
12,50,1000,50,3,0.05,5,0.1,931.7749532228336,8.300268893893897,0.97,3.453644207213074,10.088595693512287,0.913
340,30,1000,30,3,0.05,5,0.1,1068.3506605364382,8.090935923084853,0.968,3.6496315486729145,11.004415560827534,0.873
27,200,1000,50,3,0.05,5,0.1,654.05324187316,9.616674683799744,0.969,3.491735632997006,7.642484151296932,0.997
391,50,1000,10,3,0.05,5,0.1,2480.5012678951025,11.272178200568687,0.867,3.0875944420695305,13.979891369455752,0.567
307,50,1000,30,3,0.05,5,0.1,2158.3782047629356,11.385638944455415,0.934,3.2174621522426605,15.3194253146585,0.558
55,30,1000,50,3,0.05,5,0.1,1278.07955167396,9.648607596462073,0.946,3.402250631712377,14.595437818692252,0.571
44,10,1000,50,3,0.05,5,0.1,1509.3958291830495,8.405089890211624,0.934,3.3728107758797705,20.211962345499803,0.401
309,50,1000,30,3,0.05,5,0.1,1059.8327819630504,9.50893313143985,0.965,3.297712780535221,10.996378485221504,0.882
351,10,1000,30,3,0.05,5,0.1,1495.8238637298346,7.903556089976914,0.973,3.1840335093438625,19.85982640946066,0.56
4,50,1000,50,3,0.05,5,0.1,914.7283926829696,11.45256424614234,0.936,3.8609182089567184,9.56843652781176,0.613
35,100,1000,50,3,0.05,5,0.1,839.3363090399653,13.098315684160154,0.972,3.4926227191463113,11.361424406430546,0.97
16,200,1000,10,3,0.05,5,0.1,723.6601991928183,12.30192183877891,0.942,3.515865216962993,9.498195553250206,0.977
364,10,1000,30,3,0.05,5,0.1,3471.126621749252,12.912859277474483,0.91,3.342207159847021,14.89074291000536,0.544
45,100,1000,10,3,0.05,5,0.1,1024.7259908886626,13.54716548149718,0.933,3.46211721515283,8.160016393048766,0.807
95,200,1000,10,3,0.05,5,0.1,556.4431958021596,12.145140276996058,0.97,2.794004776980728,6.55974818500641,0.975
71,10,1000,50,3,0.05,5,0.1,7209.03152492689,13.058228902296127,0.754,3.6372638773173094,15.118174360082902,0.333
66,200,1000,50,3,0.05,5,0.1,923.4502574349754,13.96650372231771,0.967,3.3675369950942695,6.073729040424713,0.907
29,50,1000,50,3,0.05,5,0.1,1028.4111067741178,9.009897895463524,0.966,2.831067943945527,8.984677052154423,0.958
7,100,1000,30,3,0.05,5,0.1,863.2501010661945,11.692419121396902,0.96,3.839323163032532,7.675977533945542,0.962
392,10,1000,30,3,0.05,5,0.1,3401.9932429119945,14.01885759710902,0.946,3.275354500859976,14.105013178408404,0.407
98,30,1000,50,3,0.05,5,0.1,944.5337339788676,9.327618677495083,0.967,3.3162084906361997,18.67707828978253,0.538
1,100,1000,10,3,0.05,5,0.1,457.83915902487934,9.984967737787336,0.978,3.278718716930598,6.500125067622585,0.997
43,100,1000,30,3,0.05,5,0.1,608.5096918311901,8.541366567561676,0.955,2.844030164182186,7.497013672021578,0.991
321,100,1000,10,3,0.05,5,0.1,1777.9930292665958,12.648011607775388,0.899,3.320796065032482,10.951174722494995,0.509
93,200,1000,30,3,0.05,5,0.1,566.4419009508565,13.267199115404912,0.957,3.349173433147371,8.451189351290429,0.992
304,10,1000,10,3,0.05,5,0.1,1389.9858957119286,9.084562570600909,0.932,3.314910039305687,21.55532079477072,0.448
87,10,1000,50,3,0.05,5,0.1,2246.868159483187,12.664416879190666,0.929,3.44221546780318,18.00769919549684,0.379
10,200,1000,30,3,0.05,5,0.1,688.9696291219443,7.534192617754338,0.984,3.329061221331358,4.57450082297088,0.998
369,50,1000,10,3,0.05,5,0.1,595.1367952078581,10.970880598397777,0.967,3.398517057299614,7.620951601874685,0.977
367,50,1000,10,3,0.05,5,0.1,467.5460419245064,13.980416502412751,0.967,3.2700923047959805,8.109394068550996,0.942
320,30,1000,10,3,0.05,5,0.1,624.1205553375185,11.779372417563565,0.961,3.3381242752075195,11.326400440184411,0.857
315,30,1000,10,3,0.05,5,0.1,632.7645277902484,14.177582743578888,0.95,3.232348833233118,11.068563273659876,0.887
96,30,1000,50,3,0.05,5,0.1,1224.6906291837804,11.532380126700264,0.946,3.8769653663039207,11.488667929862231,0.629
383,30,1000,30,3,0.05,5,0.1,1233.364626493305,11.380232547010738,0.945,3.2917773947119713,12.74250600622542,0.838
89,10,1000,50,3,0.05,5,0.1,2614.0782324327156,9.625485788447603,0.936,3.3050990127958357,17.748440903379723,0.482
352,50,1000,10,3,0.05,5,0.1,482.7918297164142,10.954595298181232,0.981,3.698318097740412,7.639211270829447,0.992
81,100,1000,30,3,0.05,5,0.1,543.7918161759153,9.868393424330336,0.972,3.2563067730516195,9.856833800757029,0.994
51,200,1000,30,3,0.05,5,0.1,621.7222516150214,9.865611009475014,0.961,3.457311265170574,5.576073258055815,0.995
1,200,1000,30,3,0.05,5,0.1,691.8560631461442,9.85466953187846,0.978,3.4807127537205815,7.46096272970084,0.998
60,100,1000,50,3,0.05,5,0.1,808.7887496482581,7.35085711304274,0.975,3.4655147953890264,8.268675744874967,0.97
43,200,1000,10,3,0.05,5,0.1,558.12593495287,9.352182778725693,0.967,2.802136166021228,4.707528400556254,0.997
93,100,1000,10,3,0.05,5,0.1,460.42453250987455,12.595233895827826,0.959,3.4186520050279796,8.893274389184919,0.995
328,50,1000,10,3,0.05,5,0.1,473.32784927636385,10.649804330385896,0.978,3.3898222595453262,9.748137985824451,0.962
370,10,1000,10,3,0.05,5,0.1,892.4758391045034,10.623019992433669,0.929,3.484922006726265,14.916265782487212,0.63
10,100,1000,10,3,0.05,5,0.1,475.1157606830821,7.424649342678117,0.982,3.744393347296864,4.711704808295493,0.998
33,200,1000,50,3,0.05,5,0.1,642.2725109159946,8.907902556343343,0.962,3.576749332714826,5.277788587792675,0.998
345,10,1000,10,3,0.05,5,0.1,1224.1235912181437,10.234067211435194,0.939,3.3541170321404934,17.307834585470992,0.472
90,50,1000,50,3,0.05,5,0.1,1117.886782465037,11.79269085331847,0.954,3.4382816068828106,11.777548874673736,0.839
313,50,1000,10,3,0.05,5,0.1,736.27451223135,8.914300494128092,0.963,3.338533364236355,12.800709350042684,0.918
21,100,1000,50,3,0.05,5,0.1,983.7752022710628,15.157128054266703,0.955,3.506440716329962,11.27542015646554,0.935
354,30,1000,10,3,0.05,5,0.1,837.892914172262,10.317102264183294,0.965,3.216549340635538,8.175916295939588,0.906
385,50,1000,30,3,0.05,5,0.1,1000.0686408057808,9.31172355450788,0.975,3.699781715869904,9.86945480524283,0.946
361,30,1000,10,3,0.05,5,0.1,756.0143601000309,12.518893588630151,0.961,3.1623846255242825,16.176689440938024,0.751
326,50,1000,10,3,0.05,5,0.1,468.2614705860615,8.786605836245682,0.955,3.3766401074826717,7.681576592490995,0.994
72,200,1000,50,3,0.05,5,0.1,720.381811758969,7.529315031802382,0.969,3.4437770871445537,5.881397824648893,0.998
81,200,1000,10,3,0.05,5,0.1,456.5012333202176,10.22565751781339,0.971,3.264741966035217,6.489501922345343,0.998
51,100,1000,10,3,0.05,5,0.1,444.8648577718995,10.088033574669009,0.947,3.5446117580868304,7.1709866423772874,0.997
65,50,1000,10,3,0.05,5,0.1,661.9650733880699,12.121424682288724,0.957,3.255240144673735,11.82411269791742,0.936
22,30,1000,10,3,0.05,5,0.1,819.8215834489092,11.809441288216576,0.942,3.271448981948197,14.55413992574646,0.769
394,30,1000,50,3,0.05,5,0.1,1254.5243260227144,12.494562810636868,0.959,3.2839369624853134,15.388109603841349,0.519
17,30,1000,10,3,0.05,5,0.1,2216.864574809093,14.872163452870629,0.927,3.2307589617557824,10.737272588712033,0.402
50,50,1000,10,3,0.05,5,0.1,639.5687093189918,12.150388578216145,0.954,3.309609588701278,8.88336470075698,0.818
81,30,1000,30,3,0.05,5,0.1,1029.6696219430305,9.83594541387518,0.971,3.3298184708692133,13.580572231475418,0.857
19,30,1000,10,3,0.05,5,0.1,828.633198666852,10.142931379847475,0.973,3.766711360309273,14.673326808297034,0.816
90,10,1000,30,3,0.05,5,0.1,2123.788503485732,10.0643039520505,0.918,3.2826008489355445,15.52928006205247,0.455
1,30,1000,10,3,0.05,5,0.1,467.5654124910943,9.240480661936814,0.977,3.2892488441430032,10.28099344113862,0.907
33,10,1000,10,3,0.05,5,0.1,644.6466942890547,9.433222465653865,0.946,3.2620550082065165,12.208569569749196,0.774
49,10,1000,10,3,0.05,5,0.1,741.295452577062,8.721128607198152,0.972,3.232046207878738,20.268010594623245,0.587
11,50,1000,10,3,0.05,5,0.1,479.0048744692467,12.65565404991095,0.977,3.0703607690520585,7.999929000431211,0.959
87,50,1000,30,3,0.05,5,0.1,804.3921934366226,12.566741216203248,0.956,3.2328328513540328,8.888032640000215,0.882
56,30,1000,10,3,0.05,5,0.1,5279.841993242968,9.65766333263541,0.879,3.3722943919710815,10.34280338434021,0.618
9,50,1000,10,3,0.05,5,0.1,801.2635814356618,13.156908121831092,0.966,3.2669706512242556,13.763315727999158,0.549
63,30,1000,10,3,0.05,5,0.1,505.831376704853,10.345094047258488,0.969,3.370984355919063,10.864224154637052,0.939
24,50,1000,10,3,0.05,5,0.1,655.577875285875,10.893805677540318,0.956,3.3444358091801405,7.697763297023671,0.977
72,10,1000,10,3,0.05,5,0.1,877.9131534509361,7.368463755336669,0.96,3.252626916859299,14.280500499197428,0.795
47,10,1000,10,3,0.05,5,0.1,702.7207387317903,7.642422965551639,0.967,3.3301619640551507,16.396924688871213,0.825
58,30,1000,10,3,0.05,5,0.1,855.2373843840323,12.96595046707642,0.954,3.230498014949262,11.342194263286158,0.815
7,50,1000,10,3,0.05,5,0.1,610.0664156801067,11.851018097570192,0.952,3.921587138902396,7.228998738082956,0.982
89,50,1000,30,3,0.05,5,0.1,907.7458326420748,9.456379680462945,0.968,3.3823484131135046,8.175445672379718,0.942
99,200,1000,50,3,0.05,5,0.1,853.3069076118991,13.262420655789064,0.95,3.5698679480701685,9.005332694487382,0.943
49,100,1000,50,3,0.05,5,0.1,769.1043926379643,8.417541350094167,0.972,3.538878818973899,8.316577952356814,0.997
38,30,1000,30,3,0.05,5,0.1,1094.9434004393406,9.553775548863102,0.959,3.51862569199875,17.389700563858234,0.593
27,10,1000,30,3,0.05,5,0.1,2203.1357172629796,9.331944334545716,0.938,3.3125128713436425,22.219832133762345,0.359
12,10,1000,30,3,0.05,5,0.1,1853.9930825498889,9.022103002419474,0.955,3.2581896502524614,19.136410662514688,0.506
39,100,1000,10,3,0.05,5,0.1,570.9734151870944,12.851907279822756,0.95,3.733020789921284,9.318489390687756,0.963
318,30,1000,50,3,0.05,5,0.1,1351.4909364394844,6.54456463675521,0.974,3.532084558159113,16.097158432515247,0.753
307,10,1000,50,3,0.05,5,0.1,5221.347524240613,16.961787063374995,0.604,3.450087483972311,15.367282574331677,0.522
84,10,1000,10,3,0.05,5,0.1,891.2896252269857,8.338391307426544,0.962,3.3292231229133904,19.277109070629855,0.481
316,30,1000,50,3,0.05,5,0.1,1131.757201820612,8.301905845025502,0.96,3.3658303134143353,11.643303616254745,0.877
44,50,1000,30,3,0.05,5,0.1,1102.0435415310783,9.37458312801147,0.964,3.5437073837965727,12.246227501561156,0.94
95,30,1000,10,3,0.05,5,0.1,767.3969980347902,12.64037047859868,0.964,3.1466991449706256,12.843319796197251,0.832
4,10,1000,30,3,0.05,5,0.1,2836.551388624124,12.223273408302422,0.871,3.2264013001695275,14.210971432793547,0.446
351,50,1000,50,3,0.05,5,0.1,1032.7702254541218,7.200750784293724,0.973,3.2086548507213593,10.939019500203615,0.981
309,10,1000,50,3,0.05,5,0.1,4763.1876421161,9.729633073518675,0.898,3.243432104587555,15.951018201639718,0.504
36,30,1000,30,3,0.05,5,0.1,942.3068010685964,13.054897587110354,0.957,3.5274302982725203,12.495075481825731,0.67
78,100,1000,10,3,0.05,5,0.1,540.1322144949809,14.072526802959093,0.968,3.413528357166797,7.841269632414636,0.935
29,10,1000,30,3,0.05,5,0.1,1441.7360758590512,9.7783575404774,0.942,3.3207689276896417,17.489806393970863,0.588
323,30,1000,50,3,0.05,5,0.1,963.2406609877944,10.094738231078628,0.934,3.321130085736513,11.951423251706732,0.924
71,50,1000,30,3,0.05,5,0.1,2356.596091152169,13.554522131805127,0.96,3.2562071876600385,12.04061632002907,0.562
308,100,1000,10,3,0.05,5,0.1,569.2887817136943,12.084280100243827,0.954,3.199640456587076,9.192052957684377,0.993
346,10,1000,50,3,0.05,5,0.1,3240.6889501027763,10.00720352998221,0.914,3.188197936862707,16.369707583766377,0.327
53,10,1000,30,3,0.05,5,0.1,1874.0643532318063,9.774303380930991,0.955,3.323984010145068,15.187886367703918,0.548
66,10,1000,30,3,0.05,5,0.1,2910.0506486059166,12.538090218701932,0.86,3.306951755192131,16.787792107892248,0.268
39,200,1000,30,3,0.05,5,0.1,757.3735066987574,12.741416449373428,0.955,3.3474201359786093,8.853463261329642,0.954
79,30,1000,30,3,0.05,5,0.1,1251.5501672108658,10.89822566128858,0.941,3.5925631220452487,14.378261705338888,0.702
373,10,1000,50,3,0.05,5,0.1,3728.294147897512,15.505577774072876,0.693,3.2732120603322983,15.16442364731037,0.39
68,10,1000,30,3,0.05,5,0.1,2154.2804947039112,9.545060754250429,0.953,3.3302869768813252,16.375178342433752,0.458
30,50,1000,30,3,0.05,5,0.1,2079.8123550629243,11.694040593032105,0.914,3.724036600906402,14.432355212804278,0.499
362,30,1000,50,3,0.05,5,0.1,10261.796500094237,9.45105636713284,0.852,3.3205071203410625,12.846823750166491,0.563
325,50,1000,50,3,0.05,5,0.1,1117.5899445787072,12.639552932521172,0.952,3.4572916217148304,11.298437009423896,0.917
77,30,1000,30,3,0.05,5,0.1,2933.6126235201955,12.22308996550745,0.911,3.5159192848950624,12.595284618959171,0.499
349,100,1000,10,3,0.05,5,0.1,469.0029079131782,10.792657080311562,0.965,3.721604146063328,7.19942421193278,0.982
93,50,1000,10,3,0.05,5,0.1,481.47561922995374,12.783497843063715,0.956,3.498889459297061,9.3397107177557,0.957
310,50,1000,50,3,0.05,5,0.1,1139.536926921457,11.761625471388117,0.961,3.3620474748313427,11.878726420425693,0.774
42,30,1000,30,3,0.05,5,0.1,756.6910974849015,8.472142627569802,0.96,3.148089839145541,13.008617435640554,0.831
348,10,1000,50,3,0.05,5,0.1,2816.240790758282,10.94988320706596,0.82,3.513271726667881,15.18590545344677,0.397
78,200,1000,30,3,0.05,5,0.1,744.3609748510644,13.505865610557574,0.971,2.8256850908510387,8.182328339756475,0.892
357,30,1000,50,3,0.05,5,0.1,2007.8105148598552,12.359242503818038,0.904,3.3973876908421516,10.985613479646869,0.69
76,200,1000,10,3,0.05,5,0.1,486.3547247960232,11.005018327431618,0.961,3.389616920147091,7.405891761523076,0.998
85,200,1000,50,3,0.05,5,0.1,780.3991812081076,10.317592070970248,0.975,3.4953918270766735,6.407557440738195,0.98
55,100,1000,50,3,0.05,5,0.1,901.6747798691504,9.888092429029609,0.967,2.8122282889671624,8.06698679200799,0.967
34,30,1000,30,3,0.05,5,0.1,1576.3565378631463,10.62736387034366,0.953,3.3955508158542216,13.492877084358256,0.538
366,50,1000,50,3,0.05,5,0.1,920.27995429188,11.807259230358682,0.948,3.3244750015437603,8.059963412735186,0.812
321,30,1000,50,3,0.05,5,0.1,3122.8324872404337,14.488593637125597,0.363,3.2748793736100197,13.345369837977625,0.503
73,50,1000,30,3,0.05,5,0.1,979.6539581753314,7.079139313752242,0.974,3.2417008010670543,10.84981001806502,0.964
97,30,1000,10,3,0.05,5,0.1,657.259117430076,11.665682687648305,0.974,3.18310490809381,8.422144851001198,0.888
314,30,1000,50,3,0.05,5,0.1,1295.5753738619387,13.015488281264432,0.963,3.3082610704004765,17.69291717340909,0.607
46,50,1000,30,3,0.05,5,0.1,869.4853770779446,9.552519002983786,0.958,3.069622552022338,11.507122284174722,0.964
25,100,1000,10,3,0.05,5,0.1,476.4781407471746,7.383966824515952,0.963,3.148480636999011,5.3902795277431315,0.998
6,10,1000,30,3,0.05,5,0.1,1762.3629409950229,8.38602630024713,0.946,3.319517670199275,17.672689082811573,0.405
353,50,1000,50,3,0.05,5,0.1,1189.0404319874942,8.177176430029446,0.954,3.2528895400464535,10.951386164390527,0.986
88,10,1000,10,3,0.05,5,0.1,2678.356915513985,13.109836039857283,0.525,3.324399068020284,12.669393051405471,0.334
10,10,1000,30,3,0.05,5,0.1,1678.096589196939,7.79820981811406,0.962,3.2238794211298227,20.254520323532528,0.389
48,50,1000,30,3,0.05,5,0.1,762.5003391918726,9.304270017062713,0.957,3.489991284906864,8.444189861949102,0.978
99,30,1000,10,3,0.05,5,0.1,886.6424684310332,11.939249148049385,0.938,3.2317373077385128,10.440829076305166,0.861
86,10,1000,10,3,0.05,5,0.1,835.1461344878189,8.895137852574551,0.958,3.245134050026536,13.285482660638522,0.748
8,10,1000,30,3,0.05,5,0.1,1613.8859150479548,7.515291153699376,0.969,3.3740151561796665,19.310562338195343,0.489
14,100,1000,50,3,0.05,5,0.1,897.460180841852,9.679705478374249,0.956,3.9696292667649686,7.768695060824899,0.988
305,10,1000,50,3,0.05,5,0.1,1429.0742944814265,8.350563185592145,0.951,3.346090842038393,19.398256655022507,0.585
37,200,1000,10,3,0.05,5,0.1,639.061943703331,14.190724959575524,0.966,3.325469174887985,7.414648486572511,0.773
368,50,1000,50,3,0.05,5,0.1,708.9002453573048,8.234108848599544,0.978,3.338016413152218,11.00451024404714,0.935
64,100,1000,10,3,0.05,5,0.1,476.2819855590351,10.30563409909205,0.969,3.3131604501977563,4.635889640393112,0.987
47,200,1000,50,3,0.05,5,0.1,629.4489398747683,7.1720813536783234,0.972,3.766982958652079,6.676709865985507,0.998
97,100,1000,50,3,0.05,5,0.1,820.992994514294,11.24430556697492,0.964,3.3808661261573434,7.133550805118448,0.906
25,10,1000,30,3,0.05,5,0.1,1109.5626343339682,8.514026618104852,0.964,3.3116679000668228,20.890545648827636,0.483
312,50,1000,50,3,0.05,5,0.1,822.842210419476,8.496364966333335,0.957,3.4363409504294395,10.56730825873508,0.95
40,30,1000,30,3,0.05,5,0.1,855.5989881129935,10.241962214533652,0.954,3.7584001570940018,12.475654166310957,0.907
314,100,1000,10,3,0.05,5,0.1,609.2507533282042,16.020042895757015,0.98,3.374036520719528,6.548335821864339,0.91
76,100,1000,30,3,0.05,5,0.1,566.5809593820013,11.279120752969726,0.961,3.4759149816818535,8.447159564851749,0.976
91,50,1000,10,3,0.05,5,0.1,789.0955606140196,10.75787470539118,0.972,3.3492881571874022,10.716018270367254,0.93
355,30,1000,50,3,0.05,5,0.1,2732.9137639924884,10.803755242276086,0.926,3.349090471863746,12.144518468340957,0.66
32,50,1000,30,3,0.05,5,0.1,838.1889940528199,7.095494574056068,0.977,3.367271210066974,9.392463217573743,0.986
25,200,1000,30,3,0.05,5,0.1,682.3177856323309,7.571587644125641,0.965,3.412395963910967,5.606979991007814,0.998
327,50,1000,50,3,0.05,5,0.1,1080.041042353958,7.085699538850294,0.961,3.530845742672682,9.905029193242427,0.948
75,30,1000,30,3,0.05,5,0.1,1518.0511769759469,12.157747905240912,0.965,3.4040830936282873,12.396830380700626,0.657
64,10,1000,30,3,0.05,5,0.1,1434.676817877218,8.694125441741503,0.948,3.2130767819471657,18.5717004261746,0.499
371,10,1000,50,3,0.05,5,0.1,2377.055302146822,10.975351803824402,0.876,3.4692832864820957,17.654376943834226,0.513
37,100,1000,30,3,0.05,5,0.1,972.9785189367832,13.934085969614786,0.953,3.397889669984579,8.439375115126474,0.837
355,100,1000,10,3,0.05,5,0.1,705.5372850522399,12.241871196483029,0.94,3.694406285881996,8.400373686981117,0.844
100,10,1000,30,3,0.05,5,0.1,1243.3863372267224,8.376921252580798,0.966,3.3944343393668532,18.376906960623412,0.642
344,10,1000,50,3,0.05,5,0.1,1420.2349673099816,7.797273070557943,0.952,3.160644132643938,18.738918880487788,0.533
51,10,1000,30,3,0.05,5,0.1,1599.550147715956,10.534342501331126,0.948,3.203096258919686,18.000162588359952,0.547
64,200,1000,30,3,0.05,5,0.1,793.3189398287795,10.022040383514929,0.972,3.381210806313902,6.03238965277263,0.981
5,100,1000,50,3,0.05,5,0.1,784.2841769726947,9.062955213701157,0.96,3.3569367709569633,8.730187390804266,0.988
41,100,1000,50,3,0.05,5,0.1,781.4513290231116,10.438533012471964,0.948,3.433624804019928,9.750361801930625,0.953
31,10,1000,10,3,0.05,5,0.1,893.1244795606472,9.385455349893263,0.955,3.458344868849963,14.906284337896434,0.725
91,200,1000,50,3,0.05,5,0.1,756.7583964648657,10.901571477087993,0.962,3.3220537872985005,5.77775781907881,0.935
69,50,1000,10,3,0.05,5,0.1,485.98550817370415,7.087679299223398,0.975,3.3759938860312104,7.231832889502506,0.998
62,200,1000,10,3,0.05,5,0.1,468.1603236878291,12.12593775543039,0.978,3.669237172231078,8.08913326668822,0.998
398,30,1000,50,3,0.05,5,0.1,962.7547367438674,9.32317695505497,0.981,3.9361252561211586,13.408455006477816,0.838
31,100,1000,10,3,0.05,5,0.1,537.6411127769388,10.238744361626832,0.969,3.3767979741096497,6.3128663353303525,0.998
12,200,1000,50,3,0.05,5,0.1,712.0368042378686,9.615887252433346,0.967,3.6556299487128854,6.977644476168085,0.997
92,10,1000,30,3,0.05,5,0.1,4244.873903465923,13.436737206701467,0.923,3.5460920557379723,15.36089627395396,0.26
3,30,1000,10,3,0.05,5,0.1,725.1677914392203,11.473440305320656,0.968,3.287194103933871,15.853059316561293,0.764
15,30,1000,10,3,0.05,5,0.1,583.3376590916887,9.504880648654195,0.97,3.3788261860609055,9.55247144075508,0.934
396,30,1000,50,3,0.05,5,0.1,1884.9230755157769,10.415853035588627,0.918,3.232610270380974,16.819175479825617,0.491
23,200,1000,10,3,0.05,5,0.1,569.9273416101933,10.263307107670068,0.94,3.271666497923434,5.253081855400743,0.959
389,10,1000,50,3,0.05,5,0.1,1464.5689713470638,10.186202758516798,0.933,3.2904683016240597,20.875665168469013,0.464
83,30,1000,30,3,0.05,5,0.1,5142.370049320161,10.664600177507465,0.851,3.1109536518342793,14.454363287250118,0.446
52,50,1000,10,3,0.05,5,0.1,438.14682809310034,8.340635910749722,0.963,3.593500596936792,7.929840984801133,0.996
67,50,1000,10,3,0.05,5,0.1,451.36266646394506,9.619792331004824,0.964,3.7426890158094466,9.132898675563151,0.997
400,30,1000,30,3,0.05,5,0.1,2359.1255536712706,10.716924695332011,0.899,3.1029216088354588,13.756537466410858,0.504
20,30,1000,10,3,0.05,5,0.1,651.6435370477848,11.000076400416429,0.955,3.7076204726472497,9.97597202459592,0.892
83,100,1000,50,3,0.05,5,0.1,2205.407800096087,11.20890760930392,0.872,3.5844324468635023,13.910603941390296,0.678
53,200,1000,50,3,0.05,5,0.1,577.8584669358097,12.496164756428504,0.978,2.8247589198872447,5.758140421691547,0.899
70,100,1000,10,3,0.05,5,0.1,459.409227093216,10.28272082725683,0.959,3.645879942923784,5.1988918072142205,0.998
3,200,1000,50,3,0.05,5,0.1,798.4116851892322,11.774946204301372,0.969,3.61476445896551,6.533573318972693,0.882
45,10,1000,10,3,0.05,5,0.1,2619.566148708109,9.543869747372796,0.869,3.1645974619314075,12.186686405637548,0.545
62,100,1000,30,3,0.05,5,0.1,936.1132682668976,12.012264416166234,0.972,3.4308855356648564,9.699995192773478,0.977
5,50,1000,10,3,0.05,5,0.1,453.9182636830956,9.50186990526755,0.963,3.3206074167974293,7.6911243647606895,0.993
31,200,1000,30,3,0.05,5,0.1,603.750931234099,10.099458856468468,0.969,3.761369285173714,7.230614878120475,0.998
70,10,1000,10,3,0.05,5,0.1,702.6269838567823,9.216559023219723,0.949,3.4590319278649986,12.196041607009438,0.826
28,50,1000,10,3,0.05,5,0.1,506.3432410559617,8.890391759812884,0.958,3.444125393871218,8.75653181858809,0.988
61,30,1000,10,3,0.05,5,0.1,507.5972467660904,8.350272513281805,0.968,3.253172791097313,8.19389025164307,0.982
341,100,1000,10,3,0.05,5,0.1,587.8879292868078,10.471700236993428,0.971,3.406279854476452,8.90836129083063,0.997
23,100,1000,30,3,0.05,5,0.1,973.9938892913052,11.219881674830466,0.944,3.35562285175547,8.83996432188156,0.958
26,50,1000,10,3,0.05,5,0.1,455.2612233781256,7.8871830511286944,0.959,3.084081016946584,8.458393052720838,0.998
390,50,1000,50,3,0.05,5,0.1,1931.7410125657916,11.169725002868557,0.962,3.983700361102819,12.9249480875756,0.479
13,50,1000,10,3,0.05,5,0.1,1158.6088199065998,13.340661034918677,0.905,3.4822831321507692,13.333654818433184,0.611
54,30,1000,10,3,0.05,5,0.1,524.3963540559635,9.51766842271902,0.983,3.267597069963813,7.843092153093771,0.964
85,50,1000,30,3,0.05,5,0.1,1128.818723408971,10.160115650304393,0.969,3.2426032377406955,8.826074311257445,0.887
70,200,1000,30,3,0.05,5,0.1,533.5219888789579,9.696993466519745,0.961,2.8147829598747194,4.599354017991387,0.998
94,30,1000,50,3,0.05,5,0.1,1810.5623441250063,9.050338236877309,0.959,3.6900580199435353,13.451181991757412,0.629
317,30,1000,10,3,0.05,5,0.1,581.6231442838907,9.761434263486994,0.959,3.363157708197832,10.360828555320143,0.901
350,50,1000,10,3,0.05,5,0.1,515.4098932445049,14.931847883000817,0.966,3.1610113717615604,7.753812074930652,0.888
308,10,1000,10,3,0.05,5,0.1,1169.7950097173452,9.710968651986544,0.939,3.213201977312565,16.946551763262402,0.592
381,30,1000,30,3,0.05,5,0.1,1475.972648318857,10.45799071711137,0.972,3.271169289946556,13.77857301281089,0.473
365,50,1000,10,3,0.05,5,0.1,465.5022003650665,8.099726386993883,0.966,3.2020911872386932,9.379721449990368,0.99
322,30,1000,10,3,0.05,5,0.1,453.9147347807884,11.295533597840516,0.952,3.2012979462742805,7.759953559896126,0.886
333,10,1000,10,3,0.05,5,0.1,904.7376318499446,10.530271068564454,0.959,3.290498286485672,15.199946156527956,0.646
319,30,1000,10,3,0.05,5,0.1,691.6833992786705,10.456578033078982,0.973,3.345326066017151,10.941149859292294,0.897
390,10,1000,30,3,0.05,5,0.1,2458.171715874225,9.207983743037753,0.917,3.549469791352749,17.903427829191166,0.346
85,10,1000,50,3,0.05,5,0.1,2394.0668232967146,9.924278056347587,0.94,3.436486842110753,15.558417735054665,0.55
306,10,1000,10,3,0.05,5,0.1,944.1345995292068,9.013856561780097,0.87,3.362958375364542,14.343324512267769,0.61
363,30,1000,10,3,0.05,5,0.1,866.2382946461439,11.83931795280558,0.963,3.349530816078186,13.706893519407776,0.785
324,50,1000,10,3,0.05,5,0.1,859.5117621831596,10.165990479149906,0.961,3.309974778443575,9.179802497836048,0.993
311,50,1000,10,3,0.05,5,0.1,791.8633335456252,13.886605601618651,0.971,3.5513805709779263,12.606474650233777,0.916
349,10,1000,10,3,0.05,5,0.1,1156.6566254347565,10.777138272533788,0.935,3.2744933739304543,14.64635876367436,0.545
92,50,1000,50,3,0.05,5,0.1,2017.8157380716875,14.96183487883891,0.942,3.124634918756783,10.21177849669995,0.489
387,50,1000,30,3,0.05,5,0.1,1129.8263698667288,11.36704518968576,0.959,3.707793992012739,12.483605735865062,0.812
356,30,1000,10,3,0.05,5,0.1,432.8311636522412,7.760324336464959,0.963,3.1978064253926277,10.183341233215694,0.996
358,30,1000,10,3,0.05,5,0.1,1040.6697705164552,11.619397601505469,0.963,3.210393372923136,12.753220322513174,0.613
389,50,1000,30,3,0.05,5,0.1,826.4659852385521,7.671693275177352,0.968,3.264138624072075,10.451592437921358,0.988
372,10,1000,10,3,0.05,5,0.1,867.8850671350956,7.798376034325266,0.936,3.2856413163244724,17.245289691386354,0.606
329,100,1000,10,3,0.05,5,0.1,857.5385371558368,13.455433785815467,0.95,3.247501391917467,11.498456949845076,0.523
9,100,1000,10,3,0.05,5,0.1,731.129773740191,13.52985736433794,0.966,3.7184091159142554,11.846913417834308,0.87
18,30,1000,50,3,0.05,5,0.1,1598.6109272539616,10.134530256928338,0.944,3.376190195325762,13.432499606588824,0.629
312,10,1000,30,3,0.05,5,0.1,1858.308490782976,9.929681647019535,0.95,3.2905873134732246,19.403355050977172,0.447
384,10,1000,10,3,0.05,5,0.1,1107.39483596012,9.733500440493469,0.963,3.264070335775614,16.581713525269006,0.549
32,10,1000,50,3,0.05,5,0.1,1325.522791961208,7.5520801664695165,0.962,3.306098872795701,19.588045901553524,0.448
18,200,1000,30,3,0.05,5,0.1,844.0506434179842,11.05414836893393,0.946,3.6017541750334203,7.627759129907982,0.926
338,30,1000,30,3,0.05,5,0.1,1334.5698662027717,15.156864680507628,0.952,3.3841664493083954,13.473254009696788,0.394
327,10,1000,30,3,0.05,5,0.1,2470.339530095458,8.383415381416182,0.938,3.2303534373641014,18.855082969459605,0.544
336,30,1000,30,3,0.05,5,0.1,968.309329841286,9.057055085844272,0.954,3.4450133740901947,10.359901987727335,0.867
64,50,1000,50,3,0.05,5,0.1,839.7364952778444,10.399570788797805,0.969,3.543604458682239,10.130156257827682,0.898
23,30,1000,50,3,0.05,5,0.1,1529.769833646249,9.090135541382306,0.933,3.1689821048639715,16.78135275953946,0.528
371,50,1000,30,3,0.05,5,0.1,790.5161757543683,8.368815964443174,0.945,3.3725192584097385,10.558126064067334,0.929
16,30,1000,50,3,0.05,5,0.1,1991.419825087767,13.1743119408059,0.93,3.119031023234129,12.476886228879293,0.646
344,50,1000,30,3,0.05,5,0.1,969.3996075354517,7.844183180154032,0.965,3.391406826674938,10.548733881946116,0.985
100,50,1000,50,3,0.05,5,0.1,899.470231722109,6.874522302292921,0.977,3.284472485072911,10.457601402266553,0.981
395,30,1000,10,3,0.05,5,0.1,655.6175277344882,7.843224450258003,0.958,3.4599914737045765,10.7289524617471,0.964
59,200,1000,30,3,0.05,5,0.1,733.3717389591038,10.843497716287771,0.95,3.522516004741192,9.0202489802737,0.998
89,100,1000,30,3,0.05,5,0.1,898.6005873223767,9.124106485314302,0.964,3.235698603093624,7.46308443355348,0.985
303,30,1000,30,3,0.05,5,0.1,1897.0588346160948,10.521268949752647,0.937,3.173010189086199,12.56200502355886,0.559
51,50,1000,50,3,0.05,5,0.1,829.8723361091688,10.19552168542504,0.957,3.4778466699644923,9.997861075792963,0.947
366,10,1000,30,3,0.05,5,0.1,1970.622515771538,9.395831809840027,0.918,3.2150514237582684,15.5227759470653,0.44
68,100,1000,50,3,0.05,5,0.1,825.355763532687,13.185885278932874,0.966,3.3784359199926257,6.555848628448337,0.849
9,200,1000,30,3,0.05,5,0.1,843.8232146371156,13.7860312399321,0.962,3.308241004124284,10.765403011471998,0.953
73,10,1000,50,3,0.05,5,0.1,1366.5323757380247,7.693340050814233,0.961,3.3027560743503273,21.604217124184743,0.436
379,30,1000,30,3,0.05,5,0.1,1272.1128621548414,11.637865728857513,0.944,3.5199379697442055,14.489512601803344,0.843
46,10,1000,50,3,0.05,5,0.1,2043.0129769467749,10.870338037435278,0.922,3.164666926022619,20.07000822431463,0.426
18,100,1000,10,3,0.05,5,0.1,480.4131106240675,11.550949515541197,0.952,3.16060131508857,6.720807383105743,0.985
353,10,1000,30,3,0.05,5,0.1,1441.685021661222,8.395541886256396,0.946,3.252870876342058,16.56785567749003,0.728
6,50,1000,50,3,0.05,5,0.1,936.1146454289556,10.230950459225264,0.955,3.3226105207577348,9.30297431825026,0.803
393,50,1000,10,3,0.05,5,0.1,868.3339012116194,11.327960953355817,0.96,3.4491295106709003,7.415005969252282,0.951
48,10,1000,50,3,0.05,5,0.1,1609.0506911198609,8.173581745431871,0.93,3.3565269061364233,16.964657559151075,0.518
10,50,1000,50,3,0.05,5,0.1,897.0464817169122,7.824350204323225,0.975,3.4421723252162337,9.963220304114,0.967
342,30,1000,30,3,0.05,5,0.1,869.8063442073762,12.750654364433723,0.946,3.458550725132227,15.153849314243702,0.813
305,50,1000,30,3,0.05,5,0.1,750.1512077599764,7.4521382942230945,0.965,3.152135584503412,10.427756393494946,0.982
57,30,1000,50,3,0.05,5,0.1,1156.471622333862,12.391996261286383,0.949,3.5202973471023142,14.520657330238524,0.561
8,50,1000,50,3,0.05,5,0.1,1003.4767219838686,7.756090815079283,0.984,3.3168312199413776,10.000158582222296,0.914
29,100,1000,50,3,0.05,5,0.1,1052.3368026879616,9.440804977039784,0.96,3.623551133088767,8.343080225083266,0.992
330,50,1000,30,3,0.05,5,0.1,971.2259741686285,10.949406298691851,0.965,3.5710450932383537,10.08544712516514,0.919
62,30,1000,50,3,0.05,5,0.1,1095.823853794951,11.45548682135584,0.96,3.329977605957538,16.034407346696955,0.586
368,10,1000,30,3,0.05,5,0.1,1620.1510204188526,9.021676677303208,0.954,3.1826671101152897,17.43064990843959,0.563
59,100,1000,10,3,0.05,5,0.1,502.95559938717633,10.82131437994581,0.949,3.506047394592315,7.551320002957538,0.998
89,200,1000,10,3,0.05,5,0.1,524.5932337590493,9.863478496387502,0.967,3.457158474251628,5.671306197521384,0.998
25,50,1000,50,3,0.05,5,0.1,1178.4272750820965,8.025204576519174,0.955,3.439805414061994,10.653304442512626,0.989
377,30,1000,30,3,0.05,5,0.1,946.9367148950696,10.703892791074876,0.957,3.152635421603918,14.120346495793203,0.808
352,10,1000,30,3,0.05,5,0.1,1309.2870154082775,9.943754678763751,0.965,3.229598604142666,17.36189601216777,0.538
7,50,1000,50,3,0.05,5,0.1,996.201819893904,12.589162891332297,0.95,3.34186609974131,10.366501540070288,0.937
47,10,1000,50,3,0.05,5,0.1,1774.683080286719,8.453179956737243,0.959,3.4664593138732016,20.987296673118145,0.547
378,30,1000,30,3,0.05,5,0.1,2105.6047753468156,11.45130163697137,0.93,3.5135180577635765,12.083348012294705,0.539
72,10,1000,50,3,0.05,5,0.1,1926.4073144928552,9.56234605166107,0.96,3.325102439150214,18.681999472892464,0.551
367,10,1000,30,3,0.05,5,0.1,2195.16937237978,13.135002827595793,0.931,3.2095618546009064,15.70932537749988,0.425
24,50,1000,50,3,0.05,5,0.1,881.5164061589167,11.577034048855436,0.953,3.5834214971400797,9.94622338960858,0.815
376,30,1000,30,3,0.05,5,0.1,963.5131723806262,11.6528869645758,0.922,3.5438634641468525,13.634036408382595,0.892
369,10,1000,30,3,0.05,5,0.1,1590.1903372444212,8.947460514309439,0.957,3.2556373365223408,15.936803603132567,0.523
331,50,1000,30,3,0.05,5,0.1,724.4019471369684,9.2937904321249,0.968,3.1990357153117657,11.551649778583052,0.942
63,30,1000,50,3,0.05,5,0.1,960.1164175341836,10.64182261006319,0.961,3.3814706979319453,13.736261226779025,0.787
9,50,1000,50,3,0.05,5,0.1,1425.042376007419,12.950517669396618,0.964,3.902098319958895,14.241705117556773,0.523
304,50,1000,30,3,0.05,5,0.1,991.9491777196528,11.911811918630214,0.971,3.32920453697443,13.855666146776905,0.883
56,30,1000,50,3,0.05,5,0.1,11386.571173456032,12.269144140540304,0.809,3.400226423982531,11.771858973017354,0.586
392,50,1000,10,3,0.05,5,0.1,640.2235936336219,14.773563211588725,0.971,3.36684837192297,13.826395584824734,0.801
11,50,1000,50,3,0.05,5,0.1,988.6669783289544,12.67751979134752,0.971,3.3872266290709376,10.387330484327098,0.779
343,30,1000,30,3,0.05,5,0.1,828.3702471740544,7.556433873680113,0.955,3.341644417494535,13.270313996368708,0.964
49,10,1000,50,3,0.05,5,0.1,1551.6118369889446,9.045485183112822,0.959,3.317595409695059,19.009537377944675,0.606
326,10,1000,30,3,0.05,5,0.1,1131.4137584604323,8.445804347392068,0.945,3.1348751969635487,20.09436192820641,0.553
339,30,1000,30,3,0.05,5,0.1,812.4318962097168,8.978673158532642,0.935,3.551684606820345,12.242795438554912,0.961
33,10,1000,50,3,0.05,5,0.1,1553.5198303093202,9.595068489800529,0.951,3.3192412010394037,19.509990773720535,0.403
1,30,1000,50,3,0.05,5,0.1,900.2005023448728,9.262814558785186,0.983,3.147025448270142,12.794486971849151,0.925
385,10,1000,10,3,0.05,5,0.1,1118.3646816276014,7.86706015117532,0.983,3.1852930784225464,14.560661558533642,0.67
313,10,1000,30,3,0.05,5,0.1,1821.3994062878191,10.70298784975911,0.953,3.2786711119115353,16.643083403646973,0.522
19,30,1000,50,3,0.05,5,0.1,1620.1447705300525,10.55943826715993,0.972,3.2018062630668283,14.47257278345292,0.643
302,30,1000,30,3,0.05,5,0.1,1022.7924035042524,9.622415911218338,0.943,3.3944243490695953,13.857005161257716,0.732
50,50,1000,50,3,0.05,5,0.1,1645.7927112337202,11.958494733513266,0.923,3.438758257776499,10.636522687526078,0.645
17,30,1000,50,3,0.05,5,0.1,6641.138033241034,13.627305902237133,0.793,3.4231118080206215,11.283993815848946,0.527
345,50,1000,30,3,0.05,5,0.1,983.1599496528506,10.343738187137342,0.962,3.4205403327941895,10.516794815059113,0.811
394,30,1000,10,3,0.05,5,0.1,865.440473459661,11.512787763267616,0.97,3.3593276925385,14.361106356430264,0.665
328,10,1000,30,3,0.05,5,0.1,2307.059860367328,7.635977802531592,0.965,3.2721497863531113,16.724880053211244,0.464
22,30,1000,50,3,0.05,5,0.1,1580.6795602208003,12.546803808900568,0.939,3.426725421100855,13.892123309144797,0.6
370,50,1000,30,3,0.05,5,0.1,832.3472989797592,10.137642073407282,0.949,3.3581571877002716,9.084126286814122,0.96
337,30,1000,30,3,0.05,5,0.1,1586.1456628926098,14.048125072916305,0.95,3.146877933293581,12.718834128611707,0.391
65,50,1000,50,3,0.05,5,0.1,906.853427644819,12.082608028735564,0.956,3.415140834171325,11.802861137803106,0.868
386,50,1000,30,3,0.05,5,0.1,1305.6779376789927,8.554490631657888,0.976,3.2821824476122856,8.390712797102152,0.977
357,30,1000,10,3,0.05,5,0.1,697.1559566818178,11.347697621810449,0.94,3.412007015198469,12.45236138632297,0.567
339,100,1000,10,3,0.05,5,0.1,478.58292457833886,7.989564482236951,0.945,3.3187565580010414,6.4599565142808215,0.998
310,50,1000,10,3,0.05,5,0.1,825.1791201382875,12.941497367066358,0.962,3.273129615932703,10.0041834209627,0.969
93,50,1000,50,3,0.05,5,0.1,784.8167653819546,11.000012584218418,0.962,3.1776155619882047,15.313556152222754,0.825
325,50,1000,10,3,0.05,5,0.1,436.15717757865787,11.643177087868777,0.949,3.5226423777639866,9.761708623221756,0.982
362,30,1000,10,3,0.05,5,0.1,1151.306943938136,10.959560793299774,0.933,3.215585295110941,17.372921844500144,0.464
373,10,1000,10,3,0.05,5,0.1,1675.7512162663045,11.552733275511388,0.933,3.259309086948633,12.812845346287428,0.427
378,100,1000,10,3,0.05,5,0.1,762.3852450959384,13.199612451981604,0.958,3.3483161702752113,7.142104342137277,0.852
359,30,1000,10,3,0.05,5,0.1,1529.0622132010758,14.202729810948778,0.959,3.5352570340037346,10.829041129067626,0.536
388,50,1000,30,3,0.05,5,0.1,957.8671938329936,11.078053519918113,0.971,3.7801237516105175,9.38436613847424,0.75
49,200,1000,30,3,0.05,5,0.1,668.2706145769916,8.75538577049357,0.962,3.449435406830162,6.772314734186186,0.998
99,100,1000,30,3,0.05,5,0.1,775.4241026411764,12.64934522267146,0.955,3.315911286044866,10.029100205435425,0.848
323,30,1000,10,3,0.05,5,0.1,395.9186026901006,9.835844570447602,0.941,3.2951889522373676,9.787946204194728,0.995
78,100,1000,50,3,0.05,5,0.1,904.9971542852,14.75247744099049,0.972,2.7974205096252263,8.643226886369776,0.943
364,50,1000,10,3,0.05,5,0.1,844.7616655156016,12.308416702193968,0.968,3.36847035959363,8.482620662016503,0.927
309,10,1000,10,3,0.05,5,0.1,807.1376846730709,9.273771523013275,0.934,3.293879386037588,14.229524915267673,0.662
351,50,1000,10,3,0.05,5,0.1,508.1689399443567,6.851903996944285,0.974,3.1974578760564327,10.666955531725014,0.995
380,30,1000,30,3,0.05,5,0.1,1136.7395655550065,8.893784004653517,0.951,3.5434994511306286,12.31334114399034,0.813
95,30,1000,50,3,0.05,5,0.1,1502.0646981396712,12.12076339519973,0.943,3.363932078704238,13.948682917512452,0.582
316,30,1000,10,3,0.05,5,0.1,496.8325716406107,8.323813797571027,0.965,3.325582455843687,7.693771202147485,0.991
84,10,1000,50,3,0.05,5,0.1,2123.2848495966755,12.44834033809856,0.95,3.4233489017933607,18.624118300788496,0.353
307,10,1000,10,3,0.05,5,0.1,2613.82666740939,7.947304752109713,0.857,3.2124435119330883,14.92198862784629,0.59
39,100,1000,50,3,0.05,5,0.1,819.7625284530222,14.065258413522344,0.951,3.406238606665283,10.501525632544862,0.891
318,30,1000,10,3,0.05,5,0.1,699.3190584629774,8.129882636935921,0.978,3.3673052601516247,13.616261222464535,0.868
391,10,1000,30,3,0.05,5,0.1,10243.258266083896,13.991062702418464,0.494,3.2409554719924927,14.22003776061873,0.506
49,100,1000,10,3,0.05,5,0.1,548.894953112118,7.465193223992655,0.976,3.579012729693204,8.695754108972594,0.998
99,200,1000,10,3,0.05,5,0.1,602.3435025322251,13.315306862166544,0.96,3.3912204150110483,10.708373886779285,0.761
66,200,1000,10,3,0.05,5,0.1,562.3543343790807,13.727903479537323,0.973,2.8801787570118904,8.132514774927289,0.979
29,50,1000,10,3,0.05,5,0.1,555.0717604998499,9.651985429083345,0.949,3.478762405924499,9.249901087903815,0.992
95,200,1000,50,3,0.05,5,0.1,599.9243966168724,12.859173711802178,0.974,2.7930575227364898,6.035890694106049,0.853
71,10,1000,10,3,0.05,5,0.1,3058.63876765687,12.720488284079408,0.888,3.4504731111228466,15.06146987818947,0.45
45,100,1000,50,3,0.05,5,0.1,1168.7758883819915,13.257977876588464,0.914,3.412027387879789,12.705380890649664,0.539
16,200,1000,50,3,0.05,5,0.1,1055.5086679682136,12.14503007237644,0.951,2.777472211048007,8.645062244267056,0.983
35,100,1000,10,3,0.05,5,0.1,567.5401727240533,12.628643291560138,0.97,3.7424065647646785,9.04490809864652,0.995
4,50,1000,10,3,0.05,5,0.1,868.8816081727855,14.46988917236188,0.946,3.712747748941183,9.884186837521812,0.807
44,10,1000,10,3,0.05,5,0.1,723.2211386063136,8.99333583225101,0.959,3.195149527862668,20.289079969796717,0.512
55,30,1000,10,3,0.05,5,0.1,619.066211362835,9.42133153523109,0.965,3.5865624081343412,9.586375921438446,0.943
84,50,1000,30,3,0.05,5,0.1,974.0053968131542,11.88552349025764,0.97,3.2428440577350557,12.915498845026104,0.914
27,200,1000,10,3,0.05,5,0.1,456.5476603070274,9.33545126409664,0.972,3.242767950054258,7.3708005725867105,0.998
12,50,1000,10,3,0.05,5,0.1,534.6845446880907,9.661474493595636,0.962,3.4080750783905387,8.907874734655682,0.995
27,50,1000,10,3,0.05,5,0.1,455.7418351499364,8.612379636627995,0.972,3.1203840323723853,7.377975782295629,0.998
74,100,1000,10,3,0.05,5,0.1,671.1634746678174,13.901777854345235,0.977,3.7651953231543303,8.304613259435708,0.994
57,200,1000,50,3,0.05,5,0.1,523.2921808906831,12.45247282438821,0.964,3.5730911949649453,9.657553457543605,0.99
87,100,1000,50,3,0.05,5,0.1,879.5345889590681,12.899335159391462,0.958,3.468626137357205,6.778887855207919,0.968
60,30,1000,10,3,0.05,5,0.1,667.2814582320862,8.738853352234997,0.972,3.369408586062491,9.55601414841002,0.964
2,30,1000,10,3,0.05,5,0.1,874.8408750649542,11.99668272891652,0.962,3.39917543111369,14.908480982391549,0.732
7,200,1000,50,3,0.05,5,0.1,929.8111842577346,12.228057704757578,0.958,2.8084482927806675,6.552479160666454,0.993
66,100,1000,30,3,0.05,5,0.1,993.5707048978657,13.455350647953448,0.969,3.3991034510545433,9.493846849663116,0.87
93,10,1000,30,3,0.05,5,0.1,1387.9786797938868,12.431799259449107,0.933,3.310021232347935,16.86833502498322,0.551
399,30,1000,50,3,0.05,5,0.1,840.9422490671277,8.648404923652345,0.957,3.3363920375704765,11.62537983424729,0.944
35,200,1000,30,3,0.05,5,0.1,638.1745618190616,13.017786931876072,0.965,3.694293709937483,8.895880221408921,0.998
68,50,1000,10,3,0.05,5,0.1,846.4496028870344,13.103569931875182,0.969,3.802076870109886,6.730165967416945,0.84
30,10,1000,10,3,0.05,5,0.1,2148.1754079489037,11.647868642276922,0.88,3.18375343689695,12.32253328539792,0.624
21,30,1000,10,3,0.05,5,0.1,806.1827066694386,14.189406037158625,0.955,3.2326660631224513,12.794459481280692,0.876
66,50,1000,10,3,0.05,5,0.1,870.1841432759538,13.45202124216977,0.956,3.350046498235315,11.72970279033666,0.836
27,100,1000,30,3,0.05,5,0.1,873.8699645870365,8.281682052895551,0.972,3.661955585237593,9.979338860446246,0.986
345,100,1000,10,3,0.05,5,0.1,603.891731671989,9.633821069573886,0.979,3.178566139191389,7.190019574333563,0.98
82,30,1000,30,3,0.05,5,0.1,1183.4875873751007,8.77505364713376,0.963,3.377893035300076,10.551964706540613,0.938
100,100,1000,50,3,0.05,5,0.1,651.6185260852799,6.882704216963636,0.977,3.4165907981805503,7.829814785935297,0.998
53,50,1000,10,3,0.05,5,0.1,761.6615626271814,11.064667887860162,0.958,3.150821418967098,8.380635914795285,0.885
14,30,1000,10,3,0.05,5,0.1,707.7306956877001,9.640972851064674,0.951,3.2835068851709366,8.644702011567293,0.968
74,200,1000,30,3,0.05,5,0.1,981.206629472319,13.901247416565736,0.972,3.562946705147624,10.34007591277016,0.984
397,30,1000,50,3,0.05,5,0.1,1132.3957547582686,8.912939414006589,0.942,3.308299295604229,16.698498441655843,0.757
51,100,1000,50,3,0.05,5,0.1,850.7710169241764,9.890892825687102,0.957,2.851361909881234,6.748738693208603,0.961
81,200,1000,50,3,0.05,5,0.1,582.6252828310244,9.93980231846308,0.971,3.4982257867231965,8.112340729542183,0.998
72,200,1000,10,3,0.05,5,0.1,545.7858187388629,7.308920679039327,0.971,3.6600812361575663,4.209662737597387,0.998
326,50,1000,50,3,0.05,5,0.1,834.3105745464563,8.13017973251873,0.955,2.8116329982876778,10.142115824796871,0.973
74,30,1000,30,3,0.05,5,0.1,1800.723610802088,11.278267702820637,0.96,3.3961667898111045,14.266150492890764,0.437
33,50,1000,30,3,0.05,5,0.1,972.43437949894,8.964404455714838,0.955,3.3046003580093384,10.154399941393123,0.972
361,30,1000,50,3,0.05,5,0.1,1229.15883776173,10.109947770496518,0.952,3.3310504853725433,15.227112934770563,0.678
21,100,1000,10,3,0.05,5,0.1,640.7134390720166,15.493010631329687,0.955,3.2961507318541408,9.861845561034274,0.967
354,30,1000,50,3,0.05,5,0.1,1031.3738840147853,10.40127852538074,0.952,3.305091846734286,12.557730564020336,0.662
313,50,1000,50,3,0.05,5,0.1,1155.1488049030304,11.037520753320836,0.951,3.0934033021330833,15.301013856327602,0.576
41,30,1000,30,3,0.05,5,0.1,1111.1587211727165,8.683315799454833,0.955,3.399276670999825,12.475468959149037,0.743
90,50,1000,10,3,0.05,5,0.1,653.7558228070848,11.43304028620752,0.961,3.757012568879873,10.8848374159948,0.889
50,10,1000,30,3,0.05,5,0.1,5873.728786109015,10.327507942633533,0.925,3.2319923653267324,15.282408694181742,0.526
33,200,1000,10,3,0.05,5,0.1,450.5392072452232,9.827226439325184,0.961,3.595609557814896,3.390131664677429,0.998
345,10,1000,50,3,0.05,5,0.1,2163.880397208035,10.280737577720773,0.92,3.2071199230849743,17.270079099500666,0.394
10,100,1000,50,3,0.05,5,0.1,734.1546033537015,7.872981884712501,0.983,3.434204673860222,7.025287388744546,0.996
370,10,1000,50,3,0.05,5,0.1,1318.9352845288813,9.401457364678794,0.933,3.262312199920416,16.839859835918016,0.578
328,50,1000,50,3,0.05,5,0.1,966.0143090859056,11.067075856935285,0.977,3.383895605802536,9.130369440473428,0.914
93,100,1000,50,3,0.05,5,0.1,703.0440862588584,12.710565322102228,0.959,3.376659589353949,10.11877342455534,0.956
43,200,1000,50,3,0.05,5,0.1,601.9996855692007,9.197080459269827,0.959,3.7042016559280455,5.446680332383379,0.997
60,100,1000,10,3,0.05,5,0.1,481.13684776891023,9.129255928231538,0.972,3.18135581118986,6.363523816452306,0.998
65,10,1000,30,3,0.05,5,0.1,2336.5493922671303,12.87956617135164,0.939,3.241507942788303,18.477453241525424,0.528
72,100,1000,30,3,0.05,5,0.1,854.5469737602398,7.715043500333732,0.959,3.202235651668161,7.155709758449583,0.998
310,100,1000,10,3,0.05,5,0.1,618.0041820257902,12.951847080033478,0.962,3.2688476145267487,8.282169809089297,0.978
7,10,1000,30,3,0.05,5,0.1,1506.9315454540774,10.522371023185162,0.954,3.495062379166484,18.901678566656987,0.391
352,50,1000,50,3,0.05,5,0.1,837.598131261766,10.82858634079386,0.981,3.249207451939583,10.704877598674022,0.94
89,10,1000,10,3,0.05,5,0.1,1136.2084870208057,9.920191839979276,0.942,3.303092679940164,15.31571696640006,0.648
96,30,1000,10,3,0.05,5,0.1,836.7449116338976,12.044432829269116,0.955,3.4303576508536935,12.017525190622552,0.939
315,30,1000,50,3,0.05,5,0.1,1365.395111642778,11.495214976056554,0.939,3.050762165337801,14.110495102612555,0.681
47,50,1000,30,3,0.05,5,0.1,968.5838813432492,7.012336545018939,0.973,3.4480064627714455,12.55825832845824,0.966
320,30,1000,50,3,0.05,5,0.1,1394.446717377752,12.5358447402023,0.95,3.199687644839287,14.794997103424087,0.73
72,50,1000,30,3,0.05,5,0.1,819.2759542367421,7.613442025514476,0.967,3.2273295959457755,10.023116804362594,0.963
393,100,1000,10,3,0.05,5,0.1,613.0530159026384,11.75357841134535,0.96,3.2175317890942097,5.556418004960796,0.977
21,200,1000,30,3,0.05,5,0.1,764.6044724285603,15.803552561303304,0.952,3.429448468144983,8.984289280003944,0.99
35,30,1000,30,3,0.05,5,0.1,1095.2424427377991,12.132998106569843,0.967,3.560074785258621,15.132184270144498,0.726
367,50,1000,50,3,0.05,5,0.1,1095.830922730267,14.30234849175278,0.963,3.2641043961048126,13.37350445845416,0.843
24,10,1000,30,3,0.05,5,0.1,1771.5335872280411,10.631754167957224,0.936,3.186470957007259,17.071643271137216,0.332
369,50,1000,50,3,0.05,5,0.1,884.6084142029285,10.8871157263376,0.968,3.3625625520944595,10.253600852124398,0.885
33,100,1000,30,3,0.05,5,0.1,666.6279369969852,9.102944936229962,0.952,3.320928036700934,7.007680058877747,0.984
87,10,1000,10,3,0.05,5,0.1,780.0209075892344,12.217788427999654,0.952,3.266144490800798,12.556621299248327,0.744
304,10,1000,50,3,0.05,5,0.1,2239.794516429305,11.332097901961223,0.942,3.2761562652885914,21.053905585557143,0.387
9,10,1000,30,3,0.05,5,0.1,3070.786885355599,10.348917537877888,0.958,3.359674407169223,18.017642972066785,0.287
49,50,1000,30,3,0.05,5,0.1,647.234933366999,8.411532257349421,0.971,3.162152119912207,10.918943518091066,0.981
60,200,1000,30,3,0.05,5,0.1,767.478185846936,8.773281448363162,0.967,2.7977605960331857,5.775096910410211,0.994
11,10,1000,30,3,0.05,5,0.1,2456.2358459169045,10.43446061520248,0.955,3.2804995151236653,18.177962161646946,0.481
98,30,1000,10,3,0.05,5,0.1,449.5186008489691,9.148574159474894,0.967,3.2084438842721283,9.387664225927477,0.991
1,100,1000,50,3,0.05,5,0.1,668.6527636284009,8.993391341607197,0.977,3.3732212763279676,8.179835339358373,0.997
62,50,1000,10,3,0.05,5,0.1,495.8873598901555,11.946861808336108,0.974,3.4707846860401332,10.6209748591725,0.982
20,200,1000,10,3,0.05,5,0.1,507.7596472236328,11.567403266518005,0.938,3.2770790299400687,7.497109318492299,0.996
25,30,1000,10,3,0.05,5,0.1,481.04848768375814,7.39495209216791,0.962,3.252149123698473,8.902789098168475,0.986
73,100,1000,10,3,0.05,5,0.1,497.4650469487533,7.020046274085759,0.974,3.754028634168208,5.850477377040942,0.998
50,200,1000,50,3,0.05,5,0.1,792.6141327931546,11.669568876215788,0.962,2.8141010981053114,7.0802519327458295,0.946
80,100,1000,50,3,0.05,5,0.1,591.8355476730503,8.737016803396877,0.954,2.8096597609110177,8.81861949185186,0.994
10,30,1000,10,3,0.05,5,0.1,473.61333362804726,7.608391550618515,0.977,3.2337000519037247,9.671340148766111,0.979
99,10,1000,30,3,0.05,5,0.1,2373.3375898902304,12.749979327399425,0.925,3.358603135216981,16.68665762870096,0.42
393,30,1000,50,3,0.05,5,0.1,1647.328041601926,8.624893125391262,0.942,3.24581241607666,12.15544824289797,0.764
86,30,1000,30,3,0.05,5,0.1,989.7853038329632,10.247894474443992,0.966,3.170837930869311,12.468711765520585,0.872
57,50,1000,10,3,0.05,5,0.1,782.6213278262876,12.192757607070858,0.961,3.364608578849584,9.957216150718612,0.954
8,30,1000,10,3,0.05,5,0.1,503.718398922123,8.124229675551335,0.987,3.3851638538762927,7.783656051980716,0.975
97,10,1000,30,3,0.05,5,0.1,2351.074789270293,11.027768245634553,0.943,3.397007160820067,16.16368196308072,0.472
61,200,1000,10,3,0.05,5,0.1,593.0885658049956,8.846116915552358,0.968,3.6272615310736,4.121786573262848,0.998
59,50,1000,10,3,0.05,5,0.1,468.86779855098575,10.546577527439348,0.951,3.436515657696873,9.110769113467136,0.996
6,30,1000,10,3,0.05,5,0.1,708.2476071468554,9.532084513029972,0.976,3.2291171280667186,7.716061025559039,0.923
92,200,1000,50,3,0.05,5,0.1,1025.4487219499424,16.15679802870001,0.959,3.3409876599907875,10.712696762534232,0.932
42,100,1000,50,3,0.05,5,0.1,616.2278253207915,9.442317450447376,0.958,3.38963442388922,7.902247520825311,0.941
88,30,1000,30,3,0.05,5,0.1,5182.208903337829,12.831607007905411,0.857,3.612439485732466,12.12531898521579,0.308
34,10,1000,10,3,0.05,5,0.1,1730.9192720279098,10.335108020223718,0.942,3.3215643470175564,16.4353739975175,0.484
11,200,1000,50,3,0.05,5,0.1,681.9682241990231,13.158668885114349,0.977,2.8018095060251653,5.540755488290664,0.983
32,100,1000,10,3,0.05,5,0.1,447.3605045382865,7.77544100371275,0.976,3.4507413781248033,5.386505531875645,0.998
100,30,1000,10,3,0.05,5,0.1,478.54631249187514,6.919402497431238,0.974,3.5892914910800755,11.00103688358561,0.95
16,50,1000,10,3,0.05,5,0.1,947.9900678782724,11.471503189056971,0.949,3.547970603685826,10.382851643329449,0.882
20,100,1000,30,3,0.05,5,0.1,1026.552429895848,10.14982765976356,0.941,3.289500620216131,8.00203636125962,0.969
342,100,1000,10,3,0.05,5,0.1,489.607439275831,11.746409734016716,0.947,3.3776199147105217,6.31100868240678,0.989
51,30,1000,10,3,0.05,5,0.1,601.5357177951373,10.08199552338172,0.951,3.3717244337312877,10.67108388147153,0.962
80,50,1000,30,3,0.05,5,0.1,847.0825974917971,8.315077168500203,0.957,3.0943352137692273,8.896643766294657,0.986
73,200,1000,30,3,0.05,5,0.1,752.3195575368591,7.1168921319772425,0.972,2.7957013859413564,6.2041580104587055,0.998
64,30,1000,10,3,0.05,5,0.1,473.64278578571975,9.965404096064509,0.965,3.3604234070517123,7.840181229767006,0.924
23,50,1000,10,3,0.05,5,0.1,1011.0033091627992,10.060747332915438,0.946,3.389783684629947,10.685311859889232,0.895
61,100,1000,30,3,0.05,5,0.1,692.5303720529191,8.411789671030034,0.968,3.418878342956305,6.738305485489836,0.994
75,10,1000,10,3,0.05,5,0.1,806.4333262238652,10.993299282806234,0.939,3.463664914015681,16.33289464591915,0.508
18,50,1000,10,3,0.05,5,0.1,671.8845089720562,11.166248781772444,0.952,3.2983371638692915,8.256915119413351,0.932
40,10,1000,10,3,0.05,5,0.1,643.5465871598572,9.619831929866734,0.953,3.283832415007055,14.679559501759316,0.783
32,200,1000,30,3,0.05,5,0.1,610.1349500180222,7.85393585503912,0.969,3.631579142063856,5.246710598763407,0.998
34,200,1000,10,3,0.05,5,0.1,542.5849056928419,12.74253774296823,0.961,3.2173660858534276,7.533858864935229,0.898
335,10,1000,50,3,0.05,5,0.1,1315.018979307264,9.29376009599656,0.914,3.2758081927895546,18.86086305866273,0.503
17,100,1000,50,3,0.05,5,0.1,1364.2186138257384,14.646046127444142,0.942,2.823710064869374,11.402985397720396,0.3
400,10,1000,10,3,0.05,5,0.1,2075.379397392273,10.711872865476716,0.91,3.156792175024748,12.123796220003833,0.526
78,50,1000,30,3,0.05,5,0.1,954.541083498858,13.010076078388591,0.96,3.5149933230131865,11.32548456093894,0.773
15,10,1000,30,3,0.05,5,0.1,1935.6541135949085,9.576939588870149,0.958,3.561636183410883,17.766891725173892,0.462
94,100,1000,50,3,0.05,5,0.1,729.3790940409526,10.510953543715411,0.964,3.409792640712112,6.25273851808529,0.909
44,200,1000,50,3,0.05,5,0.1,783.1152198053896,9.065678149531331,0.964,2.8118550460785627,10.789439504535272,0.998
67,100,1000,10,3,0.05,5,0.1,467.709590558894,9.569517474111,0.967,3.8778303838334978,7.108641689354693,0.998
83,10,1000,10,3,0.05,5,0.1,1963.1069087763317,10.568252418812872,0.844,3.6796869719401,11.390323586775835,0.566
358,50,1000,50,3,0.05,5,0.1,1574.4043383449316,11.169543839452146,0.961,3.167638003826142,11.449450000469936,0.713
92,30,1000,10,3,0.05,5,0.1,814.712314303033,15.400149721034476,0.95,3.242103761062026,8.971492632096373,0.774
43,50,1000,30,3,0.05,5,0.1,801.7233585109934,9.547024156701625,0.949,3.5518067716620862,10.477157085474223,0.961
311,30,1000,50,3,0.05,5,0.1,1198.0095344632864,14.138210587875708,0.941,3.110012359917164,16.334485473130275,0.557
3,10,1000,30,3,0.05,5,0.1,1991.9847881379535,9.07911329164335,0.937,3.44018230214715,18.218162747228934,0.451
56,100,1000,50,3,0.05,5,0.1,2011.407198789064,12.88074566931836,0.938,3.4612495861947536,11.462401429913804,0.421
86,200,1000,50,3,0.05,5,0.1,645.9662853656337,11.24549036849509,0.978,3.5375599041581154,5.718822847696473,0.994
75,200,1000,10,3,0.05,5,0.1,499.9396319799125,12.988649326709124,0.969,3.2836826406419277,8.837535580864705,0.998
31,30,1000,30,3,0.05,5,0.1,923.403170797974,8.397951467499867,0.963,3.226532998960465,12.29419851839214,0.874
26,100,1000,10,3,0.05,5,0.1,458.35744940908626,7.875350337405957,0.962,3.5114197339862585,6.35326088478491,0.998
76,50,1000,30,3,0.05,5,0.1,932.2380224121734,10.52937802497526,0.961,3.357789808884263,10.605515871142195,0.926
324,30,1000,50,3,0.05,5,0.1,1242.818263988942,10.349569793350364,0.969,3.3956245593726635,13.25690196114532,0.895
356,100,1000,10,3,0.05,5,0.1,466.9581146277487,7.718475605460274,0.963,3.2406609281897545,6.1354164875246635,0.998
34,100,1000,30,3,0.05,5,0.1,1024.277185246814,13.232195501079692,0.959,3.293858046643436,6.804334763290829,0.932
341,10,1000,50,3,0.05,5,0.1,1754.17831152305,10.158428493542816,0.955,3.2595595493912697,19.97998171263373,0.372
319,50,1000,50,3,0.05,5,0.1,781.8789085522294,10.757573407162525,0.968,3.233116887509823,11.291909384606804,0.866
54,10,1000,30,3,0.05,5,0.1,1300.0169406537898,9.7771787072389,0.978,3.2826191992498934,16.720883209076963,0.6
6,100,1000,50,3,0.05,5,0.1,965.0974455289544,10.354147831569556,0.972,3.3685250962153077,7.05246325901567,0.976
39,50,1000,30,3,0.05,5,0.1,1358.5290718707256,13.465678164554063,0.948,3.4002962042577565,10.698864013138914,0.581
67,200,1000,30,3,0.05,5,0.1,615.8186562000774,9.6732319577045,0.967,3.413465234450996,6.963731036179991,0.998
61,10,1000,30,3,0.05,5,0.1,1509.3995305700228,7.720642089511455,0.972,3.274981345050037,15.640762013910235,0.612
374,10,1000,50,3,0.05,5,0.1,1323.6867059506476,7.082413030212284,0.973,3.211200680583715,17.70432074760637,0.639
365,30,1000,50,3,0.05,5,0.1,771.8432408757508,8.535986340342113,0.959,3.084507815539837,13.57510949236362,0.926
37,50,1000,30,3,0.05,5,0.1,1363.0515672797335,13.97607683041996,0.954,3.4304917682893574,11.996952676931953,0.767
75,100,1000,30,3,0.05,5,0.1,1242.284604057204,12.721134886438058,0.946,2.8627738864161074,7.830891719541628,0.969
317,100,1000,10,3,0.05,5,0.1,439.8779714889824,10.096478004464942,0.962,3.458624053746462,6.125964325418652,0.993
70,30,1000,30,3,0.05,5,0.1,857.0786042949185,10.022368443338085,0.969,3.152158617042005,11.80740489393802,0.9
45,30,1000,30,3,0.05,5,0.1,2238.6598692606203,10.564718500343428,0.917,3.52838095696643,12.352607232672622,0.539
317,50,1000,50,3,0.05,5,0.1,1067.9558968767524,10.159523264074272,0.96,3.170599695295095,9.370193978538175,0.906
94,50,1000,10,3,0.05,5,0.1,636.1471308427863,10.359064943446256,0.954,3.198295762296766,6.097780475434255,0.974
394,100,1000,10,3,0.05,5,0.1,647.4211717881262,13.520147690212353,0.976,3.302716698497534,5.1369003451570405,0.829
26,200,1000,30,3,0.05,5,0.1,595.3199030100368,7.548130735758753,0.966,3.4107981650158763,6.959821518996495,0.998
350,30,1000,50,3,0.05,5,0.1,1798.4959495030344,10.725776229660166,0.956,3.114593740552664,12.796398631753553,0.593
319,10,1000,30,3,0.05,5,0.1,1385.1422783732414,9.812642099764313,0.942,3.2343191020190716,16.90068176888478,0.498
341,50,1000,30,3,0.05,5,0.1,1018.7981822900474,10.627783239268464,0.968,3.194595992565155,16.20398176499945,0.544
13,30,1000,50,3,0.05,5,0.1,2782.8569405949675,11.914405622097949,0.916,3.339013828430325,15.450757321456903,0.486
390,30,1000,10,3,0.05,5,0.1,1155.8828910551963,11.295917843147375,0.964,3.511083982884884,14.377820199011204,0.634
54,50,1000,50,3,0.05,5,0.1,852.5817381083034,8.350169023161083,0.977,3.5165326138958335,11.0445020663571,0.891
306,30,1000,30,3,0.05,5,0.1,1191.022902712226,9.644359658952114,0.938,3.5102084688842297,11.63235711431292,0.672
61,50,1000,50,3,0.05,5,0.1,885.0307422913611,8.567152702152733,0.975,3.42362660728395,9.682569565457682,0.951
333,30,1000,30,3,0.05,5,0.1,1131.3407624736428,11.217507422688536,0.962,3.818194285035134,12.396205688659927,0.75
39,10,1000,50,3,0.05,5,0.1,3423.277638132684,11.696614411512437,0.879,3.29988622199744,16.869084101567793,0.347
374,50,1000,30,3,0.05,5,0.1,593.5579341873527,7.182827665925461,0.974,3.431199327111244,10.023250565007377,0.99
26,30,1000,50,3,0.05,5,0.1,865.917114215903,7.823782199596224,0.963,3.452223022002727,13.587615326086686,0.922
37,10,1000,50,3,0.05,5,0.1,3217.384566109162,12.198428960227266,0.792,3.1586925867013633,16.346330356772715,0.321
322,10,1000,30,3,0.05,5,0.1,1879.745754648,9.478132069063191,0.94,3.2094468660652637,16.87100929724851,0.439
28,30,1000,50,3,0.05,5,0.1,818.4654866028577,8.86479839983106,0.957,3.236261687707156,12.934953444438886,0.816
48,100,1000,30,3,0.05,5,0.1,620.501666622702,9.609831043372074,0.958,3.7154557099565864,6.492791765990043,0.991
98,200,1000,30,3,0.05,5,0.1,631.8823491786607,9.251828511547778,0.961,2.8025016617029905,7.433871623138302,0.998
317,10,1000,30,3,0.05,5,0.1,1493.8582231476903,9.10075627857494,0.887,3.2139021195471287,16.079935315005034,0.543
308,30,1000,30,3,0.05,5,0.1,1357.242715176195,11.16559522022967,0.944,3.564255829900503,16.335690655793353,0.559
5,30,1000,50,3,0.05,5,0.1,860.4049362270162,8.327299233670363,0.956,3.090947758872062,12.3225164575906,0.89
381,10,1000,10,3,0.05,5,0.1,1630.5965481065214,12.014570995340716,0.943,3.259312216192484,13.438233675275026,0.447
67,30,1000,50,3,0.05,5,0.1,816.5931644388475,8.934196919835177,0.959,3.199918296188116,12.1850573489411,0.905
335,50,1000,30,3,0.05,5,0.1,869.9566690549254,9.302834513498208,0.959,3.303375579416752,10.504480358837212,0.981
372,30,1000,30,3,0.05,5,0.1,968.6055225767196,7.716348136091892,0.959,3.191350243985653,12.264039036561575,0.945
20,50,1000,50,3,0.05,5,0.1,996.719635898713,10.320373540512543,0.924,3.091167321894318,9.082238715213514,0.875
78,10,1000,50,3,0.05,5,0.1,2346.9538441547193,10.927899460692212,0.943,3.3160464307293296,15.637870082923357,0.305
396,50,1000,10,3,0.05,5,0.1,1267.4807866290212,11.987076097428956,0.945,3.1525291018188,11.211520711412032,0.672
347,30,1000,30,3,0.05,5,0.1,985.8432026542724,11.290019034894838,0.949,3.1800421476364136,10.92441937593143,0.877
15,50,1000,50,3,0.05,5,0.1,1031.2081525549293,9.217220365939784,0.969,3.51938307704404,9.799291465641256,0.943
79,200,1000,50,3,0.05,5,0.1,785.5297498181462,10.825077395310656,0.957,2.779102098196745,8.23712433300639,0.994
358,10,1000,30,3,0.05,5,0.1,4377.734787389636,14.039216258472816,0.779,3.1932950243353844,15.738335553476018,0.535
52,30,1000,50,3,0.05,5,0.1,850.9642953015864,8.905525092696116,0.964,3.247182840015739,14.333848997415668,0.796
349,30,1000,30,3,0.05,5,0.1,1191.7599848881364,10.84182152228765,0.964,3.3880567215383053,15.801604576210778,0.522
43,10,1000,50,3,0.05,5,0.1,2827.1516685551032,9.891984872553817,0.937,3.187088245060295,18.054694314221827,0.485
398,50,1000,10,3,0.05,5,0.1,508.68640971183777,9.93855674585102,0.967,3.604432925581932,9.858302410329456,0.987
3,50,1000,50,3,0.05,5,0.1,1233.789742489811,12.13926607609549,0.959,3.2499235924333334,12.75952587976028,0.716
356,10,1000,30,3,0.05,5,0.1,1186.8616569265723,8.249770349169925,0.947,3.3833153545856476,20.838518137439188,0.559
48,200,1000,10,3,0.05,5,0.1,414.22509098099545,10.00851523155582,0.955,2.8067773189395666,6.291180291352735,0.998
98,100,1000,10,3,0.05,5,0.1,453.183526433073,9.053677542480475,0.969,3.462178646121174,6.535173565640167,0.998
363,10,1000,30,3,0.05,5,0.1,2063.7935546822846,11.460035134498751,0.908,3.311296746134758,19.329845619602047,0.488
69,30,1000,50,3,0.05,5,0.1,948.923728318885,7.263636148598805,0.974,3.2698254073038697,13.590004086519524,0.937
38,200,1000,50,3,0.05,5,0.1,604.5326993390918,9.62223679038079,0.961,3.280262613669038,7.717073345847511,0.998
76,10,1000,50,3,0.05,5,0.1,1868.233379828278,11.27538755575961,0.931,3.4327114457264543,16.34884309193899,0.613
395,10,1000,30,3,0.05,5,0.1,1476.9543744027617,9.282580156155325,0.931,3.2459438405930996,23.127771982047552,0.529
80,10,1000,50,3,0.05,5,0.1,1532.990336318035,9.482351007475378,0.947,3.1071500931866467,19.304213976591317,0.58
303,10,1000,10,3,0.05,5,0.1,1311.6732608936727,9.919046427858788,0.883,3.249929890036583,12.890388781835542,0.55
336,10,1000,10,3,0.05,5,0.1,677.7492688596249,8.384179460595423,0.958,3.311743959784508,12.78968076851466,0.724
329,30,1000,10,3,0.05,5,0.1,1389.676803808659,15.19889136020226,0.895,3.2494681775569916,10.51347319840636,0.683
338,10,1000,10,3,0.05,5,0.1,1199.090072184801,14.569883813044504,0.94,3.201185066252947,15.825313548738196,0.293
360,50,1000,10,3,0.05,5,0.1,533.7731583490968,11.126581711166052,0.976,3.3009551726281643,7.355298999388303,0.908
327,30,1000,10,3,0.05,5,0.1,504.64989180117846,7.292339074672919,0.96,3.251601774245501,8.478437644806332,0.972
91,30,1000,50,3,0.05,5,0.1,1431.139253322035,9.259568351713492,0.958,3.429860264994204,13.521754644279858,0.605
312,30,1000,10,3,0.05,5,0.1,610.7827779836953,9.459253775210708,0.964,3.269831210374832,12.14782474202282,0.87
355,50,1000,10,3,0.05,5,0.1,727.8999147564173,11.97651799178027,0.903,3.293977562338114,9.419587533594552,0.83
384,30,1000,30,3,0.05,5,0.1,911.5585935264826,9.305222731572684,0.961,3.3475933745503426,14.110866716861429,0.827
368,30,1000,10,3,0.05,5,0.1,642.7487442605197,9.0440307804574,0.974,3.327615011483431,10.236643038237805,0.941
377,10,1000,10,3,0.05,5,0.1,988.905476462096,10.591578185052846,0.946,3.2004943527281284,19.59982406809365,0.56
99,50,1000,50,3,0.05,5,0.1,1134.6821845131926,11.097518998577916,0.958,3.33270921278745,11.216006826758337,0.531
342,10,1000,10,3,0.05,5,0.1,807.3550262711942,9.502676819062131,0.943,3.2881641015410423,16.742137690265988,0.674
314,50,1000,10,3,0.05,5,0.1,614.8901006318629,15.836679244274556,0.975,3.3658020198345184,7.332865359714723,0.885
97,50,1000,50,3,0.05,5,0.1,863.1470560026355,10.15551007685636,0.975,3.2070124810561538,9.932174892726614,0.764
382,50,1000,30,3,0.05,5,0.1,1217.47855129838,13.786762130119758,0.95,3.481100581586361,15.907958782208295,0.575
353,30,1000,10,3,0.05,5,0.1,493.7038608305156,8.167902046169843,0.954,3.2278934977948666,8.491471020281224,0.994
366,30,1000,10,3,0.05,5,0.1,617.5982670709491,11.432053958298756,0.943,3.261510457843542,11.003053227061171,0.918
379,10,1000,10,3,0.05,5,0.1,797.9166180342436,9.718577935935649,0.949,3.494704581797123,13.98325831509099,0.626
321,50,1000,10,3,0.05,5,0.1,2457.5503985099494,11.197717902951837,0.895,3.297034438699484,8.85053102015369,0.589
19,100,1000,30,3,0.05,5,0.1,1062.120738511905,11.879848710247549,0.965,3.265066817868501,11.639093830030156,0.982
98,50,1000,50,3,0.05,5,0.1,958.7649760693312,9.16818440860751,0.969,3.996310643851757,11.753123972435068,0.924
343,10,1000,10,3,0.05,5,0.1,674.8558792956173,7.592027356954117,0.961,3.328293304890394,15.26816598497265,0.848
376,10,1000,10,3,0.05,5,0.1,962.0812920294702,10.512347444767224,0.918,3.371264312416315,14.905378037342436,0.622
8,200,1000,10,3,0.05,5,0.1,470.9117874940858,8.999591464687962,0.986,3.921758480835706,3.243497355288258,0.998
369,30,1000,10,3,0.05,5,0.1,685.6398828811944,10.07166202982434,0.961,3.181455332785845,9.891816628984706,0.872
320,50,1000,10,3,0.05,5,0.1,628.5146453492343,12.752027681198102,0.955,3.879513196647167,9.21892470268953,0.969
378,10,1000,10,3,0.05,5,0.1,1332.4612035378814,9.783344026500153,0.923,3.260016057640314,14.522602693356529,0.452
58,100,1000,30,3,0.05,5,0.1,955.599913590122,15.266210140659275,0.957,3.4301897389814258,7.416574761239256,0.816
88,200,1000,30,3,0.05,5,0.1,834.8524299846031,17.3501070731102,0.959,3.5659801070578396,8.300601568331015,0.782
367,30,1000,10,3,0.05,5,0.1,625.6820872277021,13.92781662740772,0.968,3.345525212585926,9.202046128187222,0.879
383,50,1000,30,3,0.05,5,0.1,856.8248601406813,11.100005024316651,0.959,3.5108256600797176,13.74630060164298,0.904
352,30,1000,10,3,0.05,5,0.1,501.6279623694718,10.903936440970352,0.983,3.2568431831896305,7.729114253688433,0.938
315,50,1000,10,3,0.05,5,0.1,682.8473410606384,13.891911213621958,0.95,3.3090254329144955,9.86624925876476,0.946
96,50,1000,50,3,0.05,5,0.1,1143.3985382951796,13.268030840579584,0.972,3.5657013319432735,15.73213430606766,0.861
19,200,1000,10,3,0.05,5,0.1,592.087954937946,12.34640922690962,0.977,3.293477012310177,9.92031571166629,0.998
328,30,1000,10,3,0.05,5,0.1,631.7663150317967,10.596834651240671,0.977,3.4514444433152676,10.779219287995394,0.905
337,10,1000,10,3,0.05,5,0.1,1506.5467758253217,11.252228859292869,0.909,3.110285867005586,14.776802627390856,0.315
69,200,1000,50,3,0.05,5,0.1,798.0870474018157,7.090407067687644,0.982,3.384114787913859,6.273726433611656,0.998
81,10,1000,50,3,0.05,5,0.1,1725.659447943326,8.758547490185784,0.921,3.313898806925863,18.354196486732356,0.534
8,100,1000,30,3,0.05,5,0.1,707.362444806844,8.819264819103891,0.982,3.322159113828093,6.097154557017547,0.986
302,10,1000,10,3,0.05,5,0.1,1012.375895757228,9.46621434453239,0.944,3.253718677908182,14.8382918145715,0.625
394,10,1000,30,3,0.05,5,0.1,2374.201375260949,11.191424119078338,0.96,3.2912414856255054,13.966440678631509,0.525
354,50,1000,10,3,0.05,5,0.1,738.330761987716,10.460743495473071,0.965,3.7590630427002902,7.323370355889724,0.94
385,30,1000,30,3,0.05,5,0.1,986.948656976223,9.145101496977382,0.98,3.3950593881309032,11.27384847117812,0.832
90,30,1000,50,3,0.05,5,0.1,1253.4387767431326,10.54898342156536,0.959,3.83531533787027,13.658741207702048,0.677
58,200,1000,10,3,0.05,5,0.1,661.0913109187968,15.770888339094608,0.951,2.869569133967161,5.363547839287509,0.772
88,100,1000,10,3,0.05,5,0.1,913.0272047780454,18.433189153814585,0.963,3.4084927630610764,10.980471960856448,0.669
313,30,1000,10,3,0.05,5,0.1,859.6241643540561,11.030415534578156,0.954,3.1835146844387054,14.698630217560046,0.775
326,30,1000,10,3,0.05,5,0.1,481.2263448685408,8.487241813734158,0.972,3.4873651564121246,10.838512781687692,0.987
361,50,1000,10,3,0.05,5,0.1,686.7391004487872,13.23075524568606,0.954,3.27548174187541,13.375766780316122,0.887
28,200,1000,50,3,0.05,5,0.1,697.1410371679813,9.59354348109054,0.961,3.4747620709240437,6.300658898366948,0.998
339,10,1000,10,3,0.05,5,0.1,660.2777843251824,8.515928876852218,0.942,3.2365237660706043,19.877969178205497,0.518
53,30,1000,50,3,0.05,5,0.1,1020.1499124830588,11.274418097409043,0.96,3.2690150537528098,14.471845122477484,0.759
301,50,1000,30,3,0.05,5,0.1,1423.803262874484,11.578025712142646,0.973,3.22121474519372,15.81773260750013,0.405
359,10,1000,30,3,0.05,5,0.1,3906.558568380773,15.101081943382304,0.429,3.2547409757971764,13.847028545180898,0.527
397,50,1000,10,3,0.05,5,0.1,542.3123998492956,8.202524276785327,0.943,3.1867506988346577,10.330173751205816,0.994
346,30,1000,30,3,0.05,5,0.1,1336.4947748705745,12.205675571047475,0.941,3.205339029431343,13.91562449451445,0.625
14,50,1000,50,3,0.05,5,0.1,973.7538195708768,9.884385071278734,0.953,3.4440588639117777,11.018592268067692,0.887
79,10,1000,50,3,0.05,5,0.1,2982.6564913094044,10.058915474471632,0.906,3.589314938057214,16.894902151845297,0.427
373,30,1000,30,3,0.05,5,0.1,1413.0586373806,11.755576886380297,0.916,3.4099272191524506,13.624276916794708,0.337
21,50,1000,50,3,0.05,5,0.1,1349.038591652643,15.225112393146269,0.955,3.5193825839087367,13.977709937906967,0.866
66,30,1000,50,3,0.05,5,0.1,1949.062698526308,12.863559055157031,0.909,3.542676190380007,13.44482514897242,0.629
334,50,1000,30,3,0.05,5,0.1,2755.647414840758,16.28388394736223,0.598,3.790605314075947,12.984731781403012,0.583
77,10,1000,50,3,0.05,5,0.1,5916.146073834971,21.16996502537983,0.471,3.2168862633407116,15.225177216410058,0.314
68,30,1000,50,3,0.05,5,0.1,1501.9691965957172,12.058782254437254,0.959,3.190757459960878,14.087987576855731,0.531
362,10,1000,30,3,0.05,5,0.1,4707.590502940118,20.971713169671823,0.363,3.476511485874653,16.343098845581768,0.473
2,50,1000,50,3,0.05,5,0.1,1511.9322509830818,12.45884280545448,0.953,3.657553989905864,14.975603487682188,0.582
357,10,1000,30,3,0.05,5,0.1,2979.07633921504,12.224714916244858,0.897,3.3244316168129444,13.696280825419498,0.553
42,10,1000,50,3,0.05,5,0.1,1721.4357192460448,9.071746718954556,0.942,3.298788921907544,19.385452566363742,0.505
399,50,1000,10,3,0.05,5,0.1,420.7892639040947,8.070445486535261,0.963,3.2110077776014805,8.222124965912295,0.998
375,50,1000,30,3,0.05,5,0.1,892.8222198449075,10.549521277145107,0.941,3.374982602894306,11.251878152686263,0.887
27,30,1000,50,3,0.05,5,0.1,1170.484633069951,8.44578820063512,0.959,3.224087918177247,17.939433196935564,0.543
38,10,1000,50,3,0.05,5,0.1,1731.4863700279966,9.865117381035017,0.932,3.2515736068598926,20.55678709096437,0.324
60,50,1000,50,3,0.05,5,0.1,967.6570968348532,9.022654601233167,0.966,3.4291586219333112,11.185643039531069,0.904
332,30,1000,30,3,0.05,5,0.1,1207.7836015373468,11.963891421172448,0.969,3.5770023241639137,14.745669655005084,0.512
55,50,1000,50,3,0.05,5,0.1,868.9741145530716,9.129986432336644,0.961,3.542787775862962,10.079479172413308,0.922
307,30,1000,30,3,0.05,5,0.1,2058.1296337731183,10.888958204909848,0.92,3.2315970808267593,15.048679641281405,0.593
340,50,1000,30,3,0.05,5,0.1,977.0993524454534,7.8096830691116335,0.964,3.25412805005908,9.905471543536668,0.916
12,30,1000,50,3,0.05,5,0.1,946.9553509298712,9.979917188849196,0.952,3.238053081091494,14.022135989197356,0.856
318,10,1000,30,3,0.05,5,0.1,2166.6020771712065,8.567890351241362,0.963,3.429364424198866,18.38129989188079,0.549
391,30,1000,10,3,0.05,5,0.1,6324.455577801913,9.518156790926149,0.76,3.5226740054786205,9.51262031618496,0.644
309,30,1000,30,3,0.05,5,0.1,1301.0747890770435,12.352974185133007,0.953,3.362334541976452,13.54650294594162,0.704
380,10,1000,10,3,0.05,5,0.1,1076.261038064957,9.833762090954435,0.962,3.5268048122525215,19.161623092748425,0.452
316,10,1000,30,3,0.05,5,0.1,1116.2468185909092,8.60653151368265,0.962,3.1501751616597176,16.217137213347893,0.582
29,30,1000,50,3,0.05,5,0.1,959.2027191580272,9.46931274037824,0.947,3.284449750091881,12.689815096470396,0.821
323,10,1000,30,3,0.05,5,0.1,1166.0308745279908,10.15971747005714,0.933,3.3958248049020767,19.88559677354064,0.568
36,10,1000,50,3,0.05,5,0.1,2475.568621939048,12.07747582197792,0.823,3.401809134054929,15.682173630795958,0.366
13,100,1000,50,3,0.05,5,0.1,1035.624998421874,13.670572423410045,0.944,3.4722563810646534,15.718382282732488,0.696
30,200,1000,10,3,0.05,5,0.1,542.0168815767393,11.84170133152928,0.932,3.262114718090743,6.664512035112682,0.924
60,10,1000,30,3,0.05,5,0.1,2032.2423773920164,9.116515837414628,0.947,3.554257965181023,18.251056423448073,0.476
38,50,1000,30,3,0.05,5,0.1,800.5744838039391,10.512170337598006,0.951,4.021013250108808,13.692703335350885,0.896
55,10,1000,30,3,0.05,5,0.1,1771.1896773991175,9.341890700417256,0.96,3.481179988011718,16.701409402325734,0.52
63,100,1000,10,3,0.05,5,0.1,488.1463438710198,10.474398755267458,0.967,3.2351236739195883,6.611394304442643,0.998
301,100,1000,30,3,0.05,5,0.1,953.6763464398682,11.94983189905983,0.981,3.4711647406220436,9.931578790906142,0.934
40,200,1000,50,3,0.05,5,0.1,682.8293984346092,9.84841975079862,0.952,3.2522834870032966,6.643150942879976,0.993
90,100,1000,50,3,0.05,5,0.1,929.5242857541888,11.984795814429264,0.956,2.8321511638350785,9.800492169498188,0.972
318,50,1000,50,3,0.05,5,0.1,1044.9795141629877,8.02058806336354,0.97,3.252350725233555,12.072468802917111,0.94
351,30,1000,50,3,0.05,5,0.1,1024.5912195295095,6.528280056282214,0.974,3.5211223512887955,12.925300358273365,0.909
44,30,1000,30,3,0.05,5,0.1,963.317008468788,8.883932533963938,0.965,3.529046982061118,15.835285911848668,0.737
316,50,1000,50,3,0.05,5,0.1,1131.2830703370273,8.012887302908677,0.978,3.564718097448349,9.36493718733697,0.961
95,50,1000,10,3,0.05,5,0.1,788.2016829680651,12.579764850136623,0.969,3.2133652539923787,10.3605825837675,0.91
71,200,1000,10,3,0.05,5,0.1,701.7758823568001,15.202487923357353,0.958,2.8165165833197534,9.935962587837857,0.895
82,200,1000,50,3,0.05,5,0.1,729.7283708020113,9.108160625442338,0.957,3.5284731439314783,6.028640403837596,0.998
52,100,1000,50,3,0.05,5,0.1,1069.8298706728965,8.189222212967234,0.966,3.497764791827649,7.744880195855614,0.994
71,30,1000,30,3,0.05,5,0.1,3186.5158839179203,12.108065597844467,0.909,3.1479552150703967,15.29765334325577,0.5
364,30,1000,50,3,0.05,5,0.1,1820.2380530759692,11.796350373849604,0.957,3.407014697790146,14.652338917304498,0.541
36,50,1000,30,3,0.05,5,0.1,722.3699869429693,12.985816038786716,0.959,3.383157222997397,9.574766420984336,0.849
22,100,1000,10,3,0.05,5,0.1,570.6745384121314,12.052626641957962,0.961,3.2973063038662076,9.723979973726196,0.983
30,100,1000,30,3,0.05,5,0.1,903.867489556782,11.844004386371548,0.894,3.2958614616654813,9.640753443715722,0.756
82,10,1000,10,3,0.05,5,0.1,816.9527734182775,7.543682011257397,0.941,3.356586532201618,13.767783104522596,0.813
359,50,1000,50,3,0.05,5,0.1,3903.6138350367546,15.10341569902261,0.684,3.22375575453043,9.62061740267388,0.611
301,10,1000,50,3,0.05,5,0.1,4052.683256916702,9.91101917079418,0.882,3.286714058369398,16.547560049261776,0.368
14,10,1000,30,3,0.05,5,0.1,1871.8312466400675,10.563921441942124,0.936,3.2910572132095695,17.18377079251099,0.544
2,100,1000,50,3,0.05,5,0.1,1126.245244071819,13.288996705597883,0.96,2.81725650606677,13.24538242335693,0.813
21,10,1000,30,3,0.05,5,0.1,2513.4982104511,11.528561736133554,0.905,3.286682149861008,16.987837747503512,0.435
63,200,1000,30,3,0.05,5,0.1,685.0047625848092,10.436333298762989,0.973,3.312925612088293,5.420891289090148,0.998
79,50,1000,30,3,0.05,5,0.1,867.0300471922383,11.192799321353538,0.948,3.339123886078596,11.11856200320259,0.891
334,10,1000,50,3,0.05,5,0.1,23242.777708351612,16.748774729977377,0.62,3.1976837925612926,15.913728132719736,0.378
77,50,1000,30,3,0.05,5,0.1,2035.940151276067,12.670456919836909,0.952,3.671728938817978,9.786410647100334,0.596
325,30,1000,50,3,0.05,5,0.1,1712.3832089491189,11.597328121902336,0.956,3.0987621806561947,14.775130239316178,0.768
30,30,1000,30,3,0.05,5,0.1,2359.576148130931,11.920983735844905,0.914,3.5514079625718296,14.833021063417782,0.457
313,100,1000,10,3,0.05,5,0.1,594.8726688325405,9.7752929873347,0.964,3.0492640249431133,10.911357273616,0.992
71,100,1000,30,3,0.05,5,0.1,1351.4808248048648,11.750709337772172,0.912,3.513146724086255,14.932543289506762,0.555
357,50,1000,50,3,0.05,5,0.1,1574.736437086016,11.582194201398172,0.926,3.5593802109360695,12.456328135197266,0.717
2,10,1000,30,3,0.05,5,0.1,2844.1994581483305,9.76742467603366,0.911,3.286471478175372,15.17660408891178,0.513
22,200,1000,30,3,0.05,5,0.1,937.8036508741789,12.4035183526566,0.947,3.917784921824932,8.936932761554132,0.989
93,30,1000,10,3,0.05,5,0.1,706.6912014139816,12.28204452374615,0.958,3.372350048739463,11.869329786736282,0.906
42,50,1000,30,3,0.05,5,0.1,767.5507308589295,9.209005978716156,0.956,3.507621909957379,9.101943978476903,0.934
310,30,1000,50,3,0.05,5,0.1,1679.415120292455,10.991683316154033,0.958,3.12338799983263,14.490884881894203,0.68
22,50,1000,10,3,0.05,5,0.1,784.5815396360122,11.707961170598846,0.96,3.9111902681179345,9.8294511173331,0.966
24,200,1000,10,3,0.05,5,0.1,545.8468931708485,12.132896713801893,0.964,3.8546427036635578,6.743063642777622,0.998
65,30,1000,10,3,0.05,5,0.1,636.5217546569183,10.563366577294683,0.948,3.214710960164666,13.194801044219874,0.908
50,30,1000,10,3,0.05,5,0.1,852.2866014358588,12.078069793327456,0.965,3.4536963352002203,9.642657928490532,0.73
84,100,1000,50,3,0.05,5,0.1,902.7884754650296,12.057679556829108,0.972,2.802596460096538,10.629442599370703,0.971
54,200,1000,50,3,0.05,5,0.1,603.5402743909508,10.715294650458606,0.982,3.7595119937323034,8.271530713607955,0.994
77,100,1000,10,3,0.05,5,0.1,645.0622204197571,13.881648621666184,0.959,3.284170910716057,11.754791050726393,0.595
81,50,1000,30,3,0.05,5,0.1,838.3264872920699,9.313403528512856,0.972,3.105817907024175,12.9203352167883,0.941
17,50,1000,10,3,0.05,5,0.1,1429.987398844678,14.831953959887766,0.934,3.676726787816733,10.500010563947354,0.58
1,50,1000,10,3,0.05,5,0.1,453.00334773771465,9.917688637894717,0.978,3.686066760215908,7.784822435160221,0.989
46,100,1000,50,3,0.05,5,0.1,1065.9444910483437,9.19117019673739,0.953,3.430517664179206,8.331153123521688,0.993
41,10,1000,10,3,0.05,5,0.1,1532.2353676478378,9.236269882079126,0.941,3.317980332765728,16.724307860912834,0.539
96,200,1000,50,3,0.05,5,0.1,670.0993739170954,13.817956789428171,0.975,2.7845841445960104,9.42367819388817,0.996
19,50,1000,10,3,0.05,5,0.1,790.3939660829492,11.982496897825126,0.981,3.3475107671692967,11.648303470405008,0.954
65,200,1000,10,3,0.05,5,0.1,492.2294960408471,11.378933620370884,0.954,3.471245786175132,7.9982004636087956,0.998
74,10,1000,10,3,0.05,5,0.1,1045.892251027748,11.435272220526194,0.957,3.3437846433371305,14.67343984074089,0.372
36,100,1000,10,3,0.05,5,0.1,572.659499257803,14.10504211596756,0.962,3.518732607830316,8.194826107459683,0.858
15,200,1000,50,3,0.05,5,0.1,806.3749637492001,9.855043361049434,0.975,3.6549752899445593,9.079415365844769,0.998
87,30,1000,30,3,0.05,5,0.1,868.0151325389743,12.574495592529985,0.954,3.2162276888266206,10.587229962389792,0.686
9,30,1000,10,3,0.05,5,0.1,1022.1989913401194,11.540103270525988,0.96,3.218748169951141,14.494817485982791,0.607
346,100,1000,10,3,0.05,5,0.1,678.2730271071196,12.804299143024998,0.964,3.633902873843908,11.957600103012629,0.957
24,100,1000,30,3,0.05,5,0.1,790.2380771683529,12.20667772956232,0.952,3.328944353852421,7.391053582510263,0.979
56,50,1000,10,3,0.05,5,0.1,2699.6796395848505,11.662825482502251,0.892,3.583710645791143,9.563605015311746,0.642
11,30,1000,10,3,0.05,5,0.1,665.6818653321825,12.765945633771038,0.98,3.357311368919909,9.80603654575377,0.935
98,10,1000,30,3,0.05,5,0.1,2167.0223143259063,8.756035248211452,0.952,3.437580910976976,22.10222556325424,0.408
77,200,1000,30,3,0.05,5,0.1,1056.3155945213512,14.196026111771744,0.96,3.57364747999236,9.39491320054148,0.81
24,30,1000,10,3,0.05,5,0.1,698.3290097271092,11.749539615231951,0.957,3.338046181946993,8.450029892013422,0.923
63,50,1000,10,3,0.05,5,0.1,514.7604492190294,10.54185223957652,0.969,3.5250864820554852,7.791362442306784,0.987
65,100,1000,30,3,0.05,5,0.1,846.9869923447259,12.631385389505084,0.953,3.5244301529601216,11.34336837133109,0.987
307,100,1000,10,3,0.05,5,0.1,746.7775768302381,10.422684560883196,0.955,3.588010545819998,10.097299263235074,0.864
4,200,1000,50,3,0.05,5,0.1,750.9633115832694,14.56691285955396,0.952,3.7162507879547775,9.61053361237473,0.929
35,10,1000,10,3,0.05,5,0.1,845.9603406419046,13.14679120794355,0.965,3.3303821799345315,16.974957573207732,0.514
7,30,1000,10,3,0.05,5,0.1,790.0232343133539,11.605214674480177,0.949,3.292346782051027,9.384950575985318,0.925
58,50,1000,10,3,0.05,5,0.1,859.0299839549698,15.733533038640628,0.942,3.371789298951626,7.325624660350286,0.778
89,30,1000,30,3,0.05,5,0.1,1130.460598259233,9.065547015171903,0.975,3.142042277846486,10.79502187016177,0.891
96,10,1000,30,3,0.05,5,0.1,1886.2761783250608,9.128583506149232,0.891,3.256430314853787,17.540589965141322,0.383
36,200,1000,30,3,0.05,5,0.1,501.91071362700313,14.079437869290627,0.967,3.7033147956244648,5.9617357015001415,0.964
76,10,1000,10,3,0.05,5,0.1,791.8499920410104,10.921366799439276,0.955,3.422199599444866,15.78316924481928,0.64
38,200,1000,10,3,0.05,5,0.1,448.36935063498095,9.9589805203165,0.974,3.7912140199914575,6.118336077966597,0.998
69,30,1000,10,3,0.05,5,0.1,437.8080809633248,7.081094179964417,0.977,3.2531923153437674,10.0335210167728,0.99
98,100,1000,50,3,0.05,5,0.1,680.2381266131997,9.23022661775127,0.969,3.4794278028421104,8.9064748279125,0.996
48,200,1000,50,3,0.05,5,0.1,544.9575538700446,9.877296292824749,0.948,3.7132729119621217,5.764950801166522,0.998
3,50,1000,10,3,0.05,5,0.1,536.469284049701,11.375377780246948,0.971,3.3260424779728055,12.303986928644903,0.951
309,100,1000,30,3,0.05,5,0.1,785.8098955713212,12.833646934037748,0.954,3.316159959882498,7.346207352948524,0.855
398,50,1000,50,3,0.05,5,0.1,903.0228644758464,8.94768744374955,0.973,3.037151090800762,11.424121254419909,0.948
43,10,1000,10,3,0.05,5,0.1,980.5883463160136,8.241996254069269,0.946,3.458544872701168,14.12978150452411,0.706
83,50,1000,30,3,0.05,5,0.1,1992.7365638096817,11.068271646157308,0.869,3.186906034126878,11.804581318950367,0.645
52,30,1000,10,3,0.05,5,0.1,473.35846673790365,7.569259298244279,0.965,3.52038181014359,8.904287201429693,0.979
79,200,1000,10,3,0.05,5,0.1,518.2917730747722,11.126697811912226,0.955,4.076853066217154,7.425380206749282,0.998
15,50,1000,10,3,0.05,5,0.1,565.4099366241135,9.8926406839448,0.97,3.2192130517214537,7.868739641089546,0.987
20,50,1000,10,3,0.05,5,0.1,725.1765829841606,10.599251004025572,0.942,3.333058620803058,9.688045610355005,0.929
67,30,1000,10,3,0.05,5,0.1,595.5454390440136,9.572413634401236,0.963,3.7422756822779775,11.448500235148597,0.976
5,30,1000,10,3,0.05,5,0.1,460.21339891524985,9.61953407623082,0.958,3.2619913942180574,9.291305693161888,0.976
38,100,1000,30,3,0.05,5,0.1,832.3633649167605,9.38435083788601,0.95,3.407948964741081,10.359571217905655,0.988
94,10,1000,30,3,0.05,5,0.1,2462.54050631728,8.746233432518244,0.92,3.272313566878438,15.079710343575734,0.51
28,30,1000,10,3,0.05,5,0.1,659.6290476722643,9.309427839036678,0.959,3.3107887096703053,10.89348291127546,0.937
37,10,1000,10,3,0.05,5,0.1,1477.4452356919646,14.29212444194241,0.936,3.18010788410902,15.828192275975375,0.374
26,30,1000,10,3,0.05,5,0.1,472.6533603449352,7.982009501830582,0.961,3.3100763340480626,9.535431042810076,0.99
79,100,1000,30,3,0.05,5,0.1,1064.5611738879234,10.395953556525935,0.95,3.4568562880158424,8.680995868442583,0.978
39,10,1000,10,3,0.05,5,0.1,1655.0661726961844,11.319264769761748,0.944,3.4806683361530304,11.787113025788717,0.534
61,50,1000,10,3,0.05,5,0.1,487.8750584111549,8.192046060868504,0.969,3.4591443012468517,7.033396265465819,0.991
54,50,1000,10,3,0.05,5,0.1,488.0108475270681,10.846747082820034,0.976,3.19321184232831,6.77136697810021,0.985
85,30,1000,30,3,0.05,5,0.1,1190.0113752163015,11.12439055459719,0.97,3.5073360321111977,12.159692254844492,0.741
390,30,1000,50,3,0.05,5,0.1,2123.761278104037,10.308177969365753,0.975,3.287783280014992,12.260594231092298,0.589
13,30,1000,10,3,0.05,5,0.1,1366.2563583790325,13.654675459498536,0.881,3.342601197771728,16.495260506978223,0.472
73,30,1000,30,3,0.05,5,0.1,906.3302418938838,6.886315707547201,0.966,3.3985949116759,13.079655930743431,0.856
321,50,1000,50,3,0.05,5,0.1,4306.167261205614,14.89600773598438,0.556,3.2732521928846836,10.48733806846634,0.611
34,50,1000,30,3,0.05,5,0.1,1023.1173002440482,11.858464524227315,0.943,3.3932042405940592,8.678111881246638,0.812
59,10,1000,30,3,0.05,5,0.1,1525.793738241773,10.91618875853722,0.93,3.255443026777357,17.620527591129395,0.492
353,30,1000,50,3,0.05,5,0.1,1290.1620961427689,8.597522315689211,0.943,3.289388332515955,13.903017465411809,0.858
97,50,1000,10,3,0.05,5,0.1,474.7977589252405,12.316573071004656,0.972,3.617588524241,6.963674227640075,0.822
46,30,1000,30,3,0.05,5,0.1,989.1281776917168,8.912714537348842,0.95,3.201156466268003,15.59320324720249,0.821
314,50,1000,50,3,0.05,5,0.1,882.8363816700876,15.154079920032906,0.975,3.461753074079752,16.348211719969598,0.84
57,10,1000,30,3,0.05,5,0.1,1790.1568792248145,8.404632576250522,0.924,3.3935004007071257,18.05572108693175,0.403
48,30,1000,30,3,0.05,5,0.1,919.272599085234,9.767514652982484,0.932,3.272373137064278,9.84941474197114,0.86
342,10,1000,50,3,0.05,5,0.1,2412.450372915715,9.907594110859344,0.94,3.212974090129137,17.333440369200698,0.537
99,50,1000,10,3,0.05,5,0.1,821.8535092403181,12.040733427530183,0.956,3.3193465596996248,8.098199113187183,0.955
62,10,1000,30,3,0.05,5,0.1,2675.4041310930625,12.656049567450347,0.968,3.284213779028505,18.55867702898344,0.484
18,10,1000,30,3,0.05,5,0.1,4026.236313946079,8.846146787939132,0.897,3.179850408807397,16.049100275171305,0.496
40,50,1000,30,3,0.05,5,0.1,996.4709660601802,9.17546574395096,0.952,4.052009724080563,12.399119048805602,0.933
312,30,1000,50,3,0.05,5,0.1,751.2349689491093,8.718189895351394,0.962,3.126051653176546,11.947454249542975,0.836
91,30,1000,10,3,0.05,5,0.1,833.8426199983805,9.879580811775911,0.972,3.2348316689021885,12.278181070462889,0.81
75,50,1000,30,3,0.05,5,0.1,908.0450211470016,13.280243635702831,0.956,3.311262540053576,11.07709738602394,0.916
327,30,1000,50,3,0.05,5,0.1,1110.7624040655792,7.497091929369119,0.952,3.1793640293180943,12.20132174847562,0.837
32,30,1000,30,3,0.05,5,0.1,803.0431045470759,7.776339831664663,0.966,3.6739930803887546,10.615812313986826,0.944
23,10,1000,30,3,0.05,5,0.1,3203.388907247223,10.087598070045397,0.83,3.3336890330538154,16.244320920415255,0.497
329,30,1000,50,3,0.05,5,0.1,4878.405548390001,12.095152339708658,0.787,3.606087062507868,13.173179766262116,0.343
336,10,1000,50,3,0.05,5,0.1,2213.2131016366184,8.584667780085713,0.962,3.152608808130026,18.717112061626864,0.387
303,10,1000,50,3,0.05,5,0.1,6164.197941690683,11.28649162362191,0.598,3.23782729357481,14.934175892856132,0.426
16,10,1000,30,3,0.05,5,0.1,3889.471230020281,10.739741170211,0.905,3.2978177508339286,15.656387444348464,0.566
11,100,1000,30,3,0.05,5,0.1,777.7766491337679,12.338335222266362,0.967,3.4787376653403044,7.861137578472575,0.966
355,10,1000,30,3,0.05,5,0.1,7120.722731046379,12.47173011774238,0.694,3.3097815699875355,15.566405706494333,0.525
40,10,1000,50,3,0.05,5,0.1,1654.845167776104,8.896021705333053,0.925,3.356861922889948,18.15127494581819,0.594
18,50,1000,50,3,0.05,5,0.1,1775.4667115490884,10.852257936752247,0.944,3.385156294796616,15.070064411717288,0.59
75,10,1000,50,3,0.05,5,0.1,4394.541476794053,12.984604457039998,0.808,3.361423709895462,16.956382351121093,0.404
42,200,1000,30,3,0.05,5,0.1,589.4629633449949,9.283583134946443,0.958,3.39302643109113,4.782790993633248,0.997
92,100,1000,30,3,0.05,5,0.1,1041.8819729229435,14.71853463274677,0.945,3.2676693820394576,8.271045382171973,0.872
338,50,1000,30,3,0.05,5,0.1,1036.725482609123,14.560842110990594,0.947,3.2404612004756927,15.950597198403871,0.213
360,10,1000,30,3,0.05,5,0.1,2617.6273417770863,11.24770503509074,0.949,3.1829991303384304,14.54547162112837,0.541
371,30,1000,30,3,0.05,5,0.1,1070.8084674589336,8.063701345576593,0.946,3.129825968295336,13.861106855156583,0.791
23,50,1000,50,3,0.05,5,0.1,1313.7424530927092,10.178433893350308,0.907,3.5509750191122293,16.623511545253564,0.494
64,30,1000,50,3,0.05,5,0.1,1181.718432567548,9.833476634484986,0.962,3.117885764222592,13.352851177791583,0.752
332,100,1000,10,3,0.05,5,0.1,546.5630850493908,13.608023661829368,0.977,3.363707520067692,7.066428481051456,0.989
80,200,1000,30,3,0.05,5,0.1,540.7059693150222,8.945840079743721,0.959,3.4842488802969456,5.4324864137811515,0.998
50,100,1000,30,3,0.05,5,0.1,938.8165309978648,12.117570490640754,0.965,3.534868764691055,10.44381714442437,0.849
51,30,1000,50,3,0.05,5,0.1,1061.3309105830267,8.666146145281713,0.955,3.6362415268085897,13.853475108430686,0.767
303,50,1000,30,3,0.05,5,0.1,1726.0697049498558,9.926707285045602,0.946,3.2478002421557903,11.004622289288054,0.675
344,30,1000,30,3,0.05,5,0.1,1008.1784264631568,6.9561693782261615,0.967,3.412060458213091,12.218049550072127,0.862
16,50,1000,50,3,0.05,5,0.1,1692.567474573385,10.97075849130088,0.945,3.468658236786723,13.61877423587787,0.734
395,50,1000,10,3,0.05,5,0.1,470.7032626569271,7.667545166693871,0.959,3.494258541613817,8.588941371479288,0.994
100,30,1000,50,3,0.05,5,0.1,869.1222936897539,7.263228053997423,0.975,3.5282599539496005,12.825474533829247,0.94
32,100,1000,50,3,0.05,5,0.1,714.1332216477022,7.76033439034443,0.979,4.028321218676865,8.875875645431242,0.997
11,200,1000,10,3,0.05,5,0.1,483.84665916115046,12.652767580597724,0.972,3.4072549529373646,5.834665543728525,0.967
379,50,1000,30,3,0.05,5,0.1,1013.5798806808888,11.770426467756804,0.946,3.315921626985073,13.168581875956678,0.911
321,10,1000,30,3,0.05,5,0.1,9603.809537570924,13.063138331663945,0.463,3.2523053772747517,15.816810695609124,0.339
34,10,1000,50,3,0.05,5,0.1,12556.08183695795,10.796285188587577,0.773,3.4264474189840257,16.969042798143484,0.39
382,10,1000,10,3,0.05,5,0.1,856.9308986738324,13.197983295725049,0.949,3.213039416819811,14.512916672502406,0.578
42,100,1000,10,3,0.05,5,0.1,450.9387720217928,9.46963209566158,0.961,3.3891344680450857,5.549723132891068,0.993
6,30,1000,50,3,0.05,5,0.1,1060.0805440857075,9.021261582711595,0.966,3.3443576572462916,11.192062344278282,0.681
92,200,1000,10,3,0.05,5,0.1,582.7413147049956,16.67165749590695,0.965,2.814239439088851,7.944050945495822,0.968
61,200,1000,50,3,0.05,5,0.1,632.5900923726149,8.764757564053312,0.971,4.1200721762143075,5.391839798003965,0.998
59,50,1000,50,3,0.05,5,0.1,942.5862524239346,10.331380522150686,0.947,3.4054157892242074,11.029089431175008,0.91
314,10,1000,30,3,0.05,5,0.1,1942.3239407502117,11.43828376243706,0.944,3.19128505140543,17.030428703874453,0.28
8,30,1000,50,3,0.05,5,0.1,1020.185599971097,7.433375922000981,0.973,3.4163129860535264,12.903278336630642,0.748
57,50,1000,50,3,0.05,5,0.1,835.1304038511589,12.686418683809292,0.957,3.4413478220812976,10.182260888064516,0.859
305,30,1000,30,3,0.05,5,0.1,950.614717770368,7.1805644256267565,0.963,3.139947786927223,12.12504830891714,0.965
393,30,1000,10,3,0.05,5,0.1,898.2954800724983,10.188242431906062,0.958,3.2708076536655426,10.675659726861452,0.89
80,100,1000,10,3,0.05,5,0.1,418.86778438463807,8.540929864265683,0.955,3.426916162949055,5.4222804246698475,0.998
342,50,1000,30,3,0.05,5,0.1,914.3170081079006,11.038322703240954,0.944,3.2114048153162003,15.083728475265456,0.879
50,200,1000,10,3,0.05,5,0.1,487.2666087960824,12.646301814390196,0.961,3.586575068999082,6.053931828651873,0.99
10,30,1000,50,3,0.05,5,0.1,971.2697984152474,7.418187138497588,0.975,3.5350531679578125,10.703380328830196,0.951
73,100,1000,50,3,0.05,5,0.1,687.6898321048357,7.010329739042278,0.973,3.4162824447266757,7.631259165820489,0.998
377,50,1000,30,3,0.05,5,0.1,946.5631837546824,10.380067814618137,0.954,3.3250100761651993,9.61713493371799,0.953
25,30,1000,50,3,0.05,5,0.1,868.3945250762627,8.55492152619055,0.948,3.1775361937470734,12.291287574861949,0.939
20,200,1000,50,3,0.05,5,0.1,651.1746646687388,10.46314116543282,0.945,2.814632008317858,7.606540004927456,0.991
62,50,1000,50,3,0.05,5,0.1,1006.2489659138956,12.577215390676612,0.972,3.5258641936816275,12.7557380559714,0.83
330,30,1000,30,3,0.05,5,0.1,1013.4484259933232,10.78206749390093,0.941,3.5369429364800453,17.54089071472742,0.564
350,30,1000,10,3,0.05,5,0.1,726.4306477308273,14.897992267148126,0.967,3.194750662893057,8.297438263766294,0.778
381,50,1000,30,3,0.05,5,0.1,1674.5708185061812,12.01444033039674,0.939,3.1184919737279415,13.478007049711534,0.54
94,50,1000,50,3,0.05,5,0.1,1213.586102076806,10.53309168856187,0.961,3.5095364418812096,10.261155693049082,0.89
317,50,1000,10,3,0.05,5,0.1,484.7177583090961,10.063842933484391,0.966,3.2386617064476013,7.401826119943087,0.982
322,50,1000,10,3,0.05,5,0.1,437.5451076216996,10.461644806658434,0.957,3.296149417757988,7.057609875566196,0.967
86,100,1000,30,3,0.05,5,0.1,688.6506593013182,11.386381807234224,0.977,3.307651200797409,8.486571275037361,0.983
56,200,1000,30,3,0.05,5,0.1,1057.0329246511683,12.186714331362912,0.754,2.801382089033723,8.299859100033004,0.518
365,30,1000,10,3,0.05,5,0.1,640.1068094186485,7.717487273374518,0.955,3.1508888341486454,12.850551517755504,0.933
374,10,1000,10,3,0.05,5,0.1,594.3567076995969,7.764553382557812,0.973,3.332912463694811,15.600146990516148,0.728
44,100,1000,30,3,0.05,5,0.1,786.0850240532309,8.960076669685048,0.963,3.565019130241126,9.244445648687298,0.992
326,100,1000,10,3,0.05,5,0.1,495.53696801140904,8.822130442606364,0.955,3.6111623756587505,6.120751461141798,0.997
94,200,1000,30,3,0.05,5,0.1,703.0233377800323,10.252696227107592,0.964,3.356124665122479,4.295307837111007,0.96
6,100,1000,10,3,0.05,5,0.1,537.0372156500816,10.821491930864244,0.972,3.2257917136885226,5.192827248379727,0.998
319,50,1000,10,3,0.05,5,0.1,455.79141069576144,10.588186388249284,0.974,3.7166547998785977,7.679487591440582,0.985
341,10,1000,10,3,0.05,5,0.1,1054.8485139273107,8.452043955636412,0.96,3.294158235192299,16.585240029602343,0.566
17,200,1000,30,3,0.05,5,0.1,1079.7689699307084,16.28926303008652,0.949,3.426713502034545,8.074488083000634,0.69
26,100,1000,50,3,0.05,5,0.1,667.4257349888794,7.558100382984302,0.964,3.555489175952971,9.284257513231369,0.998
324,30,1000,10,3,0.05,5,0.1,537.0589201189578,10.002449874009358,0.969,3.1617460064589977,11.25131675890164,0.968
363,50,1000,10,3,0.05,5,0.1,933.667923796922,12.149484141863242,0.963,3.377727922052145,11.85330035942727,0.908
387,30,1000,30,3,0.05,5,0.1,1097.770930998027,11.149342471605587,0.961,3.138914950191974,15.771562724676649,0.625
75,200,1000,50,3,0.05,5,0.1,827.479504338,13.074842255742352,0.96,2.81143564498052,8.750802008917955,0.994
86,200,1000,10,3,0.05,5,0.1,516.757808837574,11.280289413782564,0.976,3.50843593897298,4.919761089187227,0.997
56,100,1000,10,3,0.05,5,0.1,1369.1948900837451,13.582478582175089,0.902,3.132749741896987,9.417101045627623,0.65
356,50,1000,10,3,0.05,5,0.1,464.37092289701104,7.6859106157000525,0.968,3.359237626194954,8.122286716600543,0.998
311,30,1000,10,3,0.05,5,0.1,944.373564016074,13.209390257890558,0.965,3.2450616508722305,17.412197558546854,0.469
398,10,1000,30,3,0.05,5,0.1,1290.4185561612248,10.10516213028417,0.954,3.252679228782654,15.54830493129072,0.64
92,30,1000,50,3,0.05,5,0.1,2745.3533272179775,15.234300277724692,0.932,4.14203678490594,12.408301302446482,0.498
358,50,1000,10,3,0.05,5,0.1,850.098169978708,11.75889203438717,0.962,3.243476688861847,10.472400776141331,0.839
389,30,1000,30,3,0.05,5,0.1,785.240011125803,8.240582768860643,0.949,3.635299384593963,11.750736958509608,0.964
83,10,1000,50,3,0.05,5,0.1,3383.351818713825,12.097740589448042,0.563,3.169796118978411,19.349236453848473,0.323
67,100,1000,50,3,0.05,5,0.1,641.8143804762512,9.338901308081184,0.957,3.272869283799082,8.58886634150804,0.998
396,10,1000,30,3,0.05,5,0.1,7330.280634406954,10.613876091247192,0.827,3.328847050666809,17.65128392373045,0.445
44,200,1000,10,3,0.05,5,0.1,611.9579503010027,9.311862298200571,0.965,3.5286410404369235,5.006097199774401,0.998
94,100,1000,10,3,0.05,5,0.1,543.830156665761,10.432420941109978,0.965,3.4041318418458104,4.119659917617662,0.979
6,200,1000,30,3,0.05,5,0.1,762.9807455651462,11.239338251333338,0.972,3.2722880733199418,6.129592686088787,0.997
400,10,1000,50,3,0.05,5,0.1,6975.353356745094,17.31164208636411,0.451,3.303828701376915,16.206649943918414,0.465
17,100,1000,10,3,0.05,5,0.1,1118.5327543881722,15.773956043322324,0.956,3.126637517940253,10.650404317196998,0.508
34,200,1000,50,3,0.05,5,0.1,844.5035634310916,13.09672680759621,0.953,3.2109525711275637,5.4465246249842805,0.962
335,10,1000,10,3,0.05,5,0.1,680.5312572158873,8.902903543630137,0.955,3.390182644128799,13.664907471076452,0.792
310,30,1000,10,3,0.05,5,0.1,744.7063221931458,12.5292839824371,0.959,3.2571227736771107,10.941910263354176,0.89
93,30,1000,50,3,0.05,5,0.1,964.6475975699724,11.978133807321282,0.955,3.652653387282044,15.588244499120924,0.63
399,10,1000,30,3,0.05,5,0.1,1196.0259901061654,9.243313371518449,0.951,3.479161776602268,21.603561517268897,0.527
386,30,1000,30,3,0.05,5,0.1,991.636786222458,8.62837664401646,0.975,3.4188202880322933,10.593401950011556,0.927
357,50,1000,10,3,0.05,5,0.1,674.8642311319709,11.799241239807202,0.945,3.621778085827827,8.024213281589494,0.922
52,200,1000,30,3,0.05,5,0.1,613.7155618490651,8.400205510171604,0.965,2.791906711179763,5.7686065355465175,0.998
82,100,1000,30,3,0.05,5,0.1,832.736921268981,8.268250841080913,0.955,3.2850728994235396,6.498737199318558,0.995
362,50,1000,10,3,0.05,5,0.1,1351.8247091136873,12.387743266329624,0.916,3.296903684735298,11.480338670896773,0.714
325,30,1000,10,3,0.05,5,0.1,623.7204329259694,12.596170024170736,0.946,3.247416503727436,8.948001166763184,0.937
334,10,1000,10,3,0.05,5,0.1,4319.55511360988,12.64148894171502,0.829,3.2665381357073784,12.961417591789418,0.557
90,200,1000,30,3,0.05,5,0.1,656.2892768601887,12.086963556618503,0.961,3.841618994716555,7.8326344512796995,0.998
322,100,1000,10,3,0.05,5,0.1,426.18274648860097,10.948774550977893,0.964,3.355136901140213,7.535932231956796,0.996
40,100,1000,30,3,0.05,5,0.1,715.6645319531672,9.965195040576347,0.953,3.928762859199196,8.204157574144716,0.993
2,100,1000,10,3,0.05,5,0.1,565.8060827902518,12.92289851329953,0.957,3.272131444886327,10.7354469586664,0.972
397,10,1000,30,3,0.05,5,0.1,2236.3791354075074,9.496228480962218,0.924,3.37214008718729,20.46482754635774,0.52
301,10,1000,10,3,0.05,5,0.1,1656.360941965133,11.307645274114346,0.928,3.2513022013008595,17.21770354004236,0.359
359,50,1000,10,3,0.05,5,0.1,1121.129537012428,15.27906696772129,0.959,3.6849374547600746,10.67197088408091,0.548
82,10,1000,50,3,0.05,5,0.1,1643.7386229950937,8.595219074312594,0.932,3.2355458633974195,19.100038264330024,0.542
13,200,1000,30,3,0.05,5,0.1,793.2043586587533,14.962946583756873,0.963,3.3937878203578293,8.827488548575422,0.835
388,30,1000,30,3,0.05,5,0.1,1322.7432208806276,10.639759847048708,0.955,3.513952400535345,11.863590921159451,0.594
364,30,1000,10,3,0.05,5,0.1,943.7808566354216,10.591749676291313,0.97,3.323095999658108,9.973822412177125,0.864
22,100,1000,50,3,0.05,5,0.1,834.1463389010169,12.32953536464466,0.95,3.0522981132380664,12.86017381556452,0.922
323,50,1000,10,3,0.05,5,0.1,407.473236028105,9.83182958195672,0.944,3.2844333350658417,6.852651637698667,0.997
52,100,1000,10,3,0.05,5,0.1,424.8724087649025,8.440275877785314,0.961,3.5678125522099435,6.098467140902878,0.998
82,200,1000,10,3,0.05,5,0.1,585.7562007782981,8.788766987118098,0.956,3.4528470737859607,3.492297319740727,0.998
71,200,1000,50,3,0.05,5,0.1,1113.2492132079788,15.635995096789408,0.952,3.452777037397027,10.78496023696938,0.546
95,50,1000,50,3,0.05,5,0.1,898.3635314698331,11.50076960665896,0.962,3.4904485447332263,10.568725136319069,0.835
316,50,1000,10,3,0.05,5,0.1,502.6504540257156,8.728742378172099,0.965,3.3350193053483963,6.263650229142539,0.997
351,30,1000,10,3,0.05,5,0.1,533.1750270053744,6.655559332782824,0.975,3.2719228640198708,10.67482789828797,0.979
380,50,1000,30,3,0.05,5,0.1,819.2510951422155,11.303178760792488,0.962,3.3965844102203846,11.708188093717764,0.875
340,10,1000,10,3,0.05,5,0.1,1017.1589906960726,8.126108207372678,0.967,3.2226226776838303,14.79540549163728,0.641
318,50,1000,10,3,0.05,5,0.1,506.1276026330888,8.408743063340584,0.971,3.2422534488141537,11.486347645481294,0.958
90,100,1000,10,3,0.05,5,0.1,533.8664092659019,11.71366844643777,0.962,3.4552523870952427,7.099004622316455,0.981
40,200,1000,10,3,0.05,5,0.1,462.7886425312609,10.007581706095348,0.956,3.872634438797831,4.335116727439575,0.998
63,100,1000,50,3,0.05,5,0.1,758.1857017823495,10.259601638432512,0.971,3.2457451578229666,8.465948493384744,0.994
2,200,1000,30,3,0.05,5,0.1,918.4412397132256,13.414692053843474,0.964,3.4227211689576507,12.36841930420055,0.954
375,10,1000,10,3,0.05,5,0.1,831.8921536915004,7.516209272285687,0.936,3.317254938185215,12.82878625890602,0.751
30,200,1000,50,3,0.05,5,0.1,619.1387613229454,13.04356414304258,0.929,3.507941188290715,7.792140433599794,0.915
13,100,1000,10,3,0.05,5,0.1,682.56847716216,14.155243530756245,0.942,3.2775219096802175,8.75679636719678,0.878
315,10,1000,30,3,0.05,5,0.1,1886.3457214832304,11.912380779048192,0.943,3.120128408074379,17.580644835249167,0.443
377,100,1000,10,3,0.05,5,0.1,491.6203293427825,11.32559601163114,0.958,2.7667074911296368,8.407535967656575,0.997
15,100,1000,30,3,0.05,5,0.1,826.8597153290175,9.425495216995005,0.97,3.602040199097246,8.06682087901224,0.994
383,10,1000,10,3,0.05,5,0.1,946.9949682019652,10.87148967865492,0.945,3.409663178026676,16.282091245599457,0.596
58,50,1000,50,3,0.05,5,0.1,1094.099202258978,13.898790163418132,0.958,3.416664920281619,12.899533017742094,0.674
7,30,1000,50,3,0.05,5,0.1,1107.3571981042624,11.347163338920122,0.961,3.460774861741811,12.895141099386004,0.753
4,200,1000,10,3,0.05,5,0.1,621.3259752159938,14.663629277636725,0.943,3.245035366155207,7.157725125118094,0.949
35,10,1000,50,3,0.05,5,0.1,2043.3030460011216,11.472200644112512,0.956,3.33951634215191,17.254213212945167,0.454
96,100,1000,30,3,0.05,5,0.1,1127.3981389058754,13.66995330419933,0.966,3.312770254909992,12.176106330207867,0.976
46,200,1000,30,3,0.05,5,0.1,761.0896224058233,9.57749453984044,0.959,3.3702746899798512,5.141256354488698,0.998
320,10,1000,30,3,0.05,5,0.1,2003.650005817413,9.838029025094803,0.935,3.177254419773817,16.58427978335786,0.6
378,50,1000,30,3,0.05,5,0.1,1326.8251024410129,10.966795059799887,0.945,3.266105968505144,11.037850373921682,0.684
63,50,1000,50,3,0.05,5,0.1,980.8245542752557,10.37520493193766,0.972,3.0710370149463415,11.149387444611316,0.963
331,30,1000,30,3,0.05,5,0.1,1244.4938737601042,8.647646294281675,0.967,3.212484687566757,14.771687474382436,0.651
376,50,1000,30,3,0.05,5,0.1,903.3349452130497,10.621693212742263,0.939,3.4866248704493046,10.339079555924542,0.97
24,30,1000,50,3,0.05,5,0.1,1178.8639994719997,10.348475606650808,0.941,3.565706503111869,13.059498114459828,0.68
54,100,1000,30,3,0.05,5,0.1,615.2246721219271,9.99018095200268,0.978,3.596818790771067,9.110396839162144,0.995
84,200,1000,30,3,0.05,5,0.1,683.639216714073,11.89293489819331,0.974,3.56416771793738,7.570679447047745,0.998
336,100,1000,10,3,0.05,5,0.1,529.2381557002664,10.69472592848631,0.966,3.547034706920386,4.72056573188383,0.995
392,30,1000,10,3,0.05,5,0.1,811.0064847432077,14.632808438709771,0.971,3.534853208810091,13.803652685468643,0.688
343,50,1000,30,3,0.05,5,0.1,663.05391580984,7.699967166166413,0.957,3.804518509656191,11.263621795597375,0.991
11,30,1000,50,3,0.05,5,0.1,1180.8357940129936,12.568246695028336,0.966,3.568692535161972,16.155360690507372,0.619
56,50,1000,50,3,0.05,5,0.1,3822.504784692079,12.402986084933966,0.787,3.4569661798886955,12.849394850722463,0.476
304,30,1000,30,3,0.05,5,0.1,1217.4490004442632,12.311561952789564,0.956,3.482545208185911,16.360826611243635,0.711
9,30,1000,50,3,0.05,5,0.1,1512.6242536250502,12.075186637404665,0.951,3.1613627853803337,12.942675892994863,0.607
15,200,1000,10,3,0.05,5,0.1,568.6579116717912,9.857762393622236,0.969,3.4896980663761497,6.348837697253131,0.998
36,100,1000,50,3,0.05,5,0.1,709.2110158377327,13.463609540616188,0.961,2.835137151181698,12.875247211882098,0.655
361,10,1000,30,3,0.05,5,0.1,2272.211150765419,9.861805047967392,0.926,3.2732991464436054,17.506549620031617,0.54
339,50,1000,30,3,0.05,5,0.1,1000.5214900560676,8.483433992652978,0.943,3.259790301322937,9.13103247540971,0.989
74,10,1000,50,3,0.05,5,0.1,2375.454734576866,10.399700950525052,0.932,3.312047970946878,15.673520701861458,0.31
4,100,1000,30,3,0.05,5,0.1,862.1338556110859,13.897138413316869,0.951,3.238569175824523,8.473472500189153,0.893
19,50,1000,50,3,0.05,5,0.1,1192.7942521283403,10.502286914485868,0.964,3.4167714789509773,14.32960007417846,0.809
65,200,1000,50,3,0.05,5,0.1,708.2225054111332,11.789678839719404,0.957,3.3752113953232765,9.838479556202545,0.998
41,10,1000,50,3,0.05,5,0.1,3977.088252583984,10.203749908356944,0.884,3.2888503312133253,18.570640466490175,0.372
96,200,1000,10,3,0.05,5,0.1,513.5856664269231,14.331279918833491,0.974,3.5964611410163343,8.86653233664463,0.998
46,100,1000,10,3,0.05,5,0.1,546.6804570388049,10.608976956929824,0.939,3.390661032870412,5.690331532312386,0.998
1,50,1000,50,3,0.05,5,0.1,990.6669533629902,9.541339167249768,0.975,3.216953174211085,10.871556513798636,0.97
354,10,1000,30,3,0.05,5,0.1,2827.9557824209332,10.01621603675384,0.906,3.5899242237210274,16.94232933752925,0.442
345,30,1000,30,3,0.05,5,0.1,1243.6489755809307,10.58373858769901,0.954,3.478829298168421,17.24937366407556,0.491
17,50,1000,50,3,0.05,5,0.1,3207.8819592986256,13.03066264474798,0.926,3.391171921044588,9.893649694816164,0.52
394,50,1000,10,3,0.05,5,0.1,918.9718306995928,13.310870254279964,0.976,3.4208231195807457,7.446895629370409,0.835
77,100,1000,50,3,0.05,5,0.1,1139.1647650119849,12.411578042764738,0.973,3.476944908965379,12.522706704730918,0.655
50,30,1000,50,3,0.05,5,0.1,2861.1215225937776,10.01278884523682,0.923,3.189019323792309,12.02509158655527,0.634
54,200,1000,10,3,0.05,5,0.1,503.5224779420532,10.999235761754154,0.981,3.79614404309541,6.30340369455766,0.998
302,50,1000,30,3,0.05,5,0.1,997.245101902634,9.616984291773292,0.949,3.24539228528738,9.578042417752004,0.861
84,100,1000,10,3,0.05,5,0.1,542.1968283960596,11.981734624614136,0.976,3.593634962104261,8.433319542442584,0.997
65,30,1000,50,3,0.05,5,0.1,971.5939103970304,11.636700870261258,0.949,3.167948191985488,15.579882257330912,0.672
337,50,1000,30,3,0.05,5,0.1,1432.3819960542023,14.696348354689777,0.946,3.562832932919264,12.542249829122186,0.525
24,200,1000,50,3,0.05,5,0.1,590.2993000629358,12.248287439659745,0.957,3.5191620439291,6.724540119758708,0.991
370,30,1000,30,3,0.05,5,0.1,876.4459228441119,10.628145075531998,0.955,3.1232392974197865,11.21495720324113,0.893
22,50,1000,50,3,0.05,5,0.1,1233.704874199815,12.321498090580707,0.959,3.478554971050471,12.699661942686133,0.812
28,200,1000,10,3,0.05,5,0.1,490.5320579241961,9.606350865820144,0.961,3.276977395173162,5.163457218007867,0.998
33,30,1000,30,3,0.05,5,0.1,816.4021783908829,9.190454273372682,0.953,3.414182309061289,13.420665827138125,0.814
74,50,1000,30,3,0.05,5,0.1,1142.6653899811208,13.77293547817646,0.969,3.3325981930829585,15.533131297501717,0.515
326,30,1000,50,3,0.05,5,0.1,956.8895510546864,8.181870267068284,0.956,3.15725165233016,14.278364154951008,0.867
41,50,1000,30,3,0.05,5,0.1,1172.2965660099871,9.323716880429618,0.946,3.539735622238368,11.475372829939968,0.867
313,30,1000,50,3,0.05,5,0.1,1306.465887453407,11.104373536282502,0.964,3.318257946521044,15.84802812078312,0.596
19,10,1000,30,3,0.05,5,0.1,2577.734276557807,10.385139223711851,0.957,3.5024161860346794,15.76744747494178,0.553
90,30,1000,10,3,0.05,5,0.1,744.2402889793739,11.365960739482873,0.961,3.555480587761849,12.193156597935602,0.793
88,100,1000,50,3,0.05,5,0.1,1262.5030498341655,17.041282241892677,0.955,3.4644451080821455,9.772055000480258,0.501
58,200,1000,50,3,0.05,5,0.1,760.2489845701493,15.749256951466974,0.958,3.643860201817006,6.178588765528623,0.846
354,50,1000,50,3,0.05,5,0.1,822.1228499151766,10.04137468237625,0.963,3.3505183160305023,10.13652085530018,0.79
1,10,1000,30,3,0.05,5,0.1,1355.1700861938298,9.284699999279049,0.977,3.4041771083138883,18.24905284288315,0.578
17,10,1000,30,3,0.05,5,0.1,10565.609108644072,13.388383731749158,0.673,3.3522222661413252,12.574881254567307,0.491
302,10,1000,50,3,0.05,5,0.1,1837.147962447256,9.662013406581044,0.945,3.26822642236948,18.496723473831818,0.389
81,10,1000,10,3,0.05,5,0.1,660.7389663401991,7.199040968499388,0.969,3.334130798932165,19.040077005317045,0.57
69,200,1000,10,3,0.05,5,0.1,424.28300226992,6.9557314458402155,0.975,3.6082343850284815,4.301879557205334,0.998
328,30,1000,50,3,0.05,5,0.1,1412.209786191583,9.415663160213088,0.974,3.5478370301425457,14.222160410797848,0.774
19,200,1000,50,3,0.05,5,0.1,1311.5577627751045,12.480079554653702,0.967,3.529422056861222,10.36877183480166,0.991
22,10,1000,30,3,0.05,5,0.1,2151.04980815202,12.534456513806356,0.906,3.264134590048343,16.990209550175777,0.486
28,100,1000,30,3,0.05,5,0.1,701.0565514415503,9.460116498721666,0.958,3.2564041521400213,6.6614346486744935,0.998
96,50,1000,10,3,0.05,5,0.1,540.5490780239925,13.023442491275825,0.966,3.178088166285306,10.014764401906564,0.976
47,30,1000,30,3,0.05,5,0.1,1013.633382631,7.003340086802347,0.972,3.575960862915963,13.926239385953114,0.925
315,50,1000,50,3,0.05,5,0.1,1042.53431051597,12.634505233359848,0.955,3.5474220477044582,11.569251437827637,0.8
352,30,1000,50,3,0.05,5,0.1,880.3274578899145,9.734465187657865,0.979,3.1190495267510414,11.481451003049589,0.876
58,10,1000,30,3,0.05,5,0.1,2488.2422838862985,11.91623759206824,0.908,3.246968023944646,15.248657402819346,0.281
35,50,1000,30,3,0.05,5,0.1,933.8653519893996,13.340177232738885,0.976,3.3692286843433976,14.914852619238362,0.699
72,30,1000,30,3,0.05,5,0.1,973.3449260857888,7.75331924447652,0.967,3.5765470704063773,11.332334861850685,0.945
320,50,1000,50,3,0.05,5,0.1,1051.1466996185482,11.906296676863311,0.962,3.658083125948906,10.170426540355344,0.901
369,30,1000,50,3,0.05,5,0.1,1142.509839143604,9.913084801689768,0.961,3.2879179567098618,14.32191674328648,0.712
63,10,1000,30,3,0.05,5,0.1,1429.5706553701311,9.958330749756382,0.939,3.189359565731138,18.1071690821273,0.438
8,200,1000,50,3,0.05,5,0.1,719.6609629262239,8.813333091839251,0.986,2.784721442963928,5.543973959841102,0.985
69,100,1000,30,3,0.05,5,0.1,530.6155169699341,7.043861068297508,0.977,3.150897942017764,8.046281942825178,0.998
343,10,1000,50,3,0.05,5,0.1,1422.9973048232496,9.166460878605406,0.945,3.334554001688957,19.89452454565504,0.611
49,30,1000,30,3,0.05,5,0.1,891.2425916590728,8.501095018092409,0.965,3.378411849029362,13.08806313486317,0.956
98,50,1000,10,3,0.05,5,0.1,452.4736054902896,9.0157544697282,0.969,3.216590573079884,7.717346301798883,0.998
56,10,1000,30,3,0.05,5,0.1,4748.257889712229,16.162008218101374,0.589,3.177190212998539,15.531081164419971,0.342
36,10,1000,10,3,0.05,5,0.1,1112.6078937938437,10.84927009004682,0.925,3.3423002660274506,14.54970136509628,0.498
29,30,1000,10,3,0.05,5,0.1,597.9506978290156,9.307937347450252,0.952,3.27175428904593,10.90423316579878,0.939
95,10,1000,30,3,0.05,5,0.1,1874.3031804012137,11.107638460798556,0.957,3.3780843019485474,14.384815128529462,0.509
4,30,1000,10,3,0.05,5,0.1,1008.3843487310224,13.874397527948387,0.948,3.390674312133342,9.045926895484596,0.768
12,30,1000,10,3,0.05,5,0.1,736.0129261920229,8.996349513218656,0.967,3.3921656482852995,11.67333634990858,0.957
55,50,1000,10,3,0.05,5,0.1,476.6565929739736,9.759677503106811,0.966,3.1555881309323013,7.684600053982613,0.996
84,30,1000,30,3,0.05,5,0.1,1234.5082320310175,11.828253744728029,0.965,3.497117443010211,14.481584527682156,0.536
60,50,1000,10,3,0.05,5,0.1,526.267132725101,8.602054716491285,0.977,3.435412451159209,7.518219393029769,0.992
38,10,1000,10,3,0.05,5,0.1,610.7442263909616,9.06952680372136,0.946,3.2638799152337015,17.230188217818522,0.727
27,30,1000,10,3,0.05,5,0.1,505.7444450473413,9.261880418595588,0.971,3.538487934973091,9.653230754431744,0.972
399,50,1000,50,3,0.05,5,0.1,850.5664768777788,8.61088343582934,0.954,3.0818587839603424,10.53305832333375,0.994
42,10,1000,10,3,0.05,5,0.1,794.2705617840402,8.678171497616189,0.954,3.2705346271395683,13.483901645244163,0.712
2,50,1000,10,3,0.05,5,0.1,680.8062243028544,12.52768957789285,0.953,3.325041159056127,12.7341585512533,0.881
68,30,1000,10,3,0.05,5,0.1,870.7501361658797,13.13415689258019,0.965,3.362333678640425,9.130823804499498,0.727
66,30,1000,10,3,0.05,5,0.1,887.7008404568769,13.424765979703183,0.953,3.467501637060195,9.851281362476984,0.711
21,50,1000,10,3,0.05,5,0.1,742.6713045281358,15.020949809120369,0.955,3.373306591063738,11.09975022975342,0.914
14,50,1000,10,3,0.05,5,0.1,503.1494944705628,9.758555864394516,0.951,3.5260532940737903,7.55335567910932,0.971
397,50,1000,50,3,0.05,5,0.1,863.4521791897714,9.078907304215097,0.95,3.5133543238043785,13.416982972655465,0.928
82,50,1000,30,3,0.05,5,0.1,953.5295556122436,8.631643988529136,0.958,3.1492169401608407,10.847845887533866,0.949
53,30,1000,10,3,0.05,5,0.1,772.4528808146715,10.675868213050782,0.972,3.214450541883707,13.823945640809931,0.844
32,30,1000,50,3,0.05,5,0.1,875.7877040677704,7.502242926431993,0.965,3.438993787858635,14.771120449365714,0.785
338,10,1000,30,3,0.05,5,0.1,2287.2665716446936,14.191222092200633,0.917,3.2037109807133675,14.477737500168212,0.361
75,50,1000,50,3,0.05,5,0.1,1229.1351171010174,12.930661928552835,0.944,3.3765361388213933,11.234706473032189,0.787
327,30,1000,30,3,0.05,5,0.1,1291.3904352523386,7.730718842691354,0.948,3.118749260902405,11.595440492327556,0.862
18,10,1000,50,3,0.05,5,0.1,4726.95345791569,10.080502769855832,0.757,3.2495454768650234,16.88558675061022,0.478
40,50,1000,50,3,0.05,5,0.1,888.668499907013,10.38197123418044,0.952,3.4554924978874624,16.641692776786225,0.697
312,30,1000,30,3,0.05,5,0.1,836.283555381,9.456838537001609,0.96,3.500204231590033,13.15356953101442,0.855
355,50,1000,30,3,0.05,5,0.1,1517.7622288241982,11.038942891454765,0.941,3.705116294324398,10.024483342355827,0.722
384,30,1000,10,3,0.05,5,0.1,717.480377767235,9.628967759503317,0.966,3.3569289445877075,10.153556452708584,0.896
16,10,1000,50,3,0.05,5,0.1,3382.3451920268126,9.811772476788647,0.86,3.4947296832688153,16.778119481406833,0.523
395,10,1000,10,3,0.05,5,0.1,663.6829559318721,8.710876775791702,0.955,3.213354393839836,15.08458081948334,0.78
303,10,1000,30,3,0.05,5,0.1,2922.879210136831,11.59320947347327,0.907,3.249186310917139,16.6467533853847,0.417
23,10,1000,50,3,0.05,5,0.1,8370.598186605144,10.182131543462631,0.916,3.1756357001140714,18.04989681962549,0.366
329,30,1000,30,3,0.05,5,0.1,3743.033060528338,15.98444975933972,0.836,3.417953711003065,11.272075859665351,0.379
46,30,1000,50,3,0.05,5,0.1,972.2773321736604,10.324592034429177,0.941,3.1023721201345325,13.172185982522718,0.88
314,50,1000,30,3,0.05,5,0.1,897.9347575195134,12.122803239243373,0.973,3.365733180195093,13.961569023470998,0.851
382,50,1000,10,3,0.05,5,0.1,680.5639500916004,12.997360263010613,0.952,3.286979977041483,9.537507166324676,0.932
59,10,1000,50,3,0.05,5,0.1,1861.251586962957,10.03891435441759,0.924,3.336960765067488,18.942679694713743,0.518
353,30,1000,30,3,0.05,5,0.1,965.9046638980508,8.623251580151488,0.949,3.162014104425907,11.762568981895456,0.967
366,30,1000,30,3,0.05,5,0.1,879.0602004081011,10.462984215037094,0.95,3.32782294228673,12.95784326903254,0.808
34,50,1000,50,3,0.05,5,0.1,1182.0917524383403,12.786517688086956,0.947,3.235762291122228,12.332306400857238,0.545
73,30,1000,50,3,0.05,5,0.1,1006.3812040761112,7.996606191889036,0.967,3.948874369263649,13.10440134103338,0.891
321,50,1000,30,3,0.05,5,0.1,3619.620054699481,15.62948742764356,0.606,3.5634934157133102,10.905049607247014,0.538
379,10,1000,30,3,0.05,5,0.1,1782.691682226956,10.64630095466166,0.924,3.2891502752900124,17.36312780842614,0.527
368,30,1000,30,3,0.05,5,0.1,978.4338772334158,8.627758083188935,0.979,3.0379703864455223,15.794208706338324,0.768
377,10,1000,30,3,0.05,5,0.1,1740.6305901370945,7.354258737079494,0.936,3.2750181816518307,17.939114716767637,0.489
48,30,1000,50,3,0.05,5,0.1,878.6047322209924,9.594853035386144,0.957,3.494381815660745,10.584655913187795,0.901
342,10,1000,30,3,0.05,5,0.1,2148.7287552691996,10.230961913145574,0.953,3.1840088479220867,21.523938106078504,0.396
57,10,1000,50,3,0.05,5,0.1,3565.3163815280423,11.010369924116691,0.919,3.526665197685361,17.28869458509013,0.354
322,10,1000,10,3,0.05,5,0.1,640.6352654695511,11.401413321037122,0.953,3.1217267997562885,11.229024254451208,0.746
98,200,1000,10,3,0.05,5,0.1,465.07790301973,9.098492512601576,0.969,3.438567169010639,5.4173108190257215,0.998
48,100,1000,10,3,0.05,5,0.1,436.82696676207706,9.656918736516582,0.96,3.464999163057655,6.646510935435104,0.998
94,10,1000,50,3,0.05,5,0.1,2389.9402507222258,8.21623406947582,0.897,3.4991547926329076,16.088352985081386,0.543
317,10,1000,10,3,0.05,5,0.1,918.0517675206064,9.518667800124886,0.933,3.263074215501547,14.942355291905026,0.586
38,100,1000,50,3,0.05,5,0.1,809.5662821452133,10.126381803918802,0.971,3.4181021857075393,8.04874067715002,0.995
308,30,1000,10,3,0.05,5,0.1,727.7290997281671,11.607031205371047,0.952,3.415204405784607,14.116301557424928,0.848
381,10,1000,30,3,0.05,5,0.1,3884.874126303941,11.556720872991336,0.909,3.2252631038427353,14.946876442849266,0.367
341,50,1000,10,3,0.05,5,0.1,704.9844224080443,10.495911587866368,0.971,3.302481461316347,10.433887945839748,0.976
319,10,1000,10,3,0.05,5,0.1,638.5593856424093,9.56330656534125,0.971,3.258938055485487,19.7648223458827,0.484
390,30,1000,30,3,0.05,5,0.1,1551.844572506845,9.64135960104502,0.958,3.2930581010878086,14.26301879314951,0.524
85,30,1000,50,3,0.05,5,0.1,1422.5075883590616,9.770841539376008,0.967,3.2748197219334543,13.056245808486183,0.669
306,30,1000,10,3,0.05,5,0.1,615.394034396857,10.886741378100163,0.942,3.216543957591057,9.26136089640121,0.929
333,30,1000,10,3,0.05,5,0.1,700.2416069470346,10.999769699660565,0.957,3.242939744144678,15.4140407563687,0.793
79,100,1000,50,3,0.05,5,0.1,829.1935226670466,9.314012704321234,0.953,3.5167818018235266,11.656487207139,0.867
374,50,1000,10,3,0.05,5,0.1,439.7818401455879,7.145419318582756,0.974,3.3667403757572174,8.368379953681867,0.996
349,30,1000,10,3,0.05,5,0.1,787.0270997062325,10.227431276650195,0.959,3.2133729495108128,10.36626783659737,0.83
398,50,1000,30,3,0.05,5,0.1,1013.1198874004184,9.955865728634512,0.971,3.769265342503786,9.517435725745482,0.961
98,100,1000,30,3,0.05,5,0.1,630.9179834760725,9.5898604335927,0.949,3.2920404318720102,9.044750997109851,0.997
48,200,1000,30,3,0.05,5,0.1,574.5597546771169,9.845797910602052,0.955,3.5659354580566287,6.927734582183163,0.998
356,10,1000,10,3,0.05,5,0.1,658.2724531143904,7.744775839591996,0.962,3.2748835161328316,16.339058914380548,0.764
363,10,1000,10,3,0.05,5,0.1,1300.0278853960335,10.88437170801301,0.902,3.2873178981244564,21.626144159786566,0.447
335,50,1000,10,3,0.05,5,0.1,470.21696085110307,9.505759227310229,0.953,3.759047634899616,7.844729763966263,0.988
372,30,1000,10,3,0.05,5,0.1,667.8872098363936,6.857392029222287,0.968,3.240232765674591,9.843299218995988,0.962
400,50,1000,50,3,0.05,5,0.1,1864.85470110178,11.175974522996873,0.916,3.427571225911379,13.68335164454513,0.443
396,50,1000,30,3,0.05,5,0.1,1519.3525656424465,11.160468512600248,0.946,3.634908754378557,16.94656313105626,0.478
338,100,1000,10,3,0.05,5,0.1,697.826279412955,16.19106935285587,0.984,2.7672552578151226,11.74832529469168,0.945
347,30,1000,10,3,0.05,5,0.1,652.919184114784,11.341782697043534,0.96,3.4580857530236244,9.212194016747835,0.918
358,10,1000,10,3,0.05,5,0.1,1583.83160385862,11.010155684791242,0.93,3.2173383869230747,17.75226452777384,0.457
83,50,1000,50,3,0.05,5,0.1,3222.8036434701644,10.168078177832593,0.853,3.264783499762416,11.169894453042687,0.569
398,10,1000,50,3,0.05,5,0.1,2127.905886415392,10.049115215856856,0.955,3.2426797971129417,19.698398380637,0.484
92,30,1000,30,3,0.05,5,0.1,1515.8842097790912,16.100963566329092,0.941,3.4706403058953583,11.288078161177776,0.376
43,50,1000,10,3,0.05,5,0.1,597.6992535740137,9.33317943881625,0.966,3.0941414716653526,7.557236203442565,0.953
3,10,1000,10,3,0.05,5,0.1,859.7764444178902,8.78404327344661,0.954,3.3431642577052116,14.548381625050697,0.646
387,30,1000,50,3,0.05,5,0.1,1180.162463191897,11.341296501667578,0.959,3.172117717564106,16.907849256118112,0.538
75,200,1000,30,3,0.05,5,0.1,904.559535829816,12.678116575172748,0.952,2.7920843549072742,7.716443024198861,0.997
31,30,1000,10,3,0.05,5,0.1,721.7984988167882,9.675206405552723,0.964,3.349067806266248,8.426330041578645,0.975
76,50,1000,10,3,0.05,5,0.1,494.78467085724697,11.233063637608607,0.959,3.310488093644381,8.174963356339479,0.976
26,100,1000,30,3,0.05,5,0.1,623.8016769723035,7.659799745198607,0.968,3.2432694556191564,8.948590570746036,0.998
386,100,1000,10,3,0.05,5,0.1,531.015519078821,8.705526602206865,0.971,3.5779610238969326,4.86535045458486,0.998
34,200,1000,30,3,0.05,5,0.1,754.2889663749374,13.584172927999155,0.955,2.8031971747986972,9.035250357421342,0.892
400,10,1000,30,3,0.05,5,0.1,4133.136453270912,10.884519694056156,0.843,3.280602775514126,15.46009168534338,0.406
20,10,1000,10,3,0.05,5,0.1,896.6990263466723,9.680854182413237,0.93,3.1840163529850543,13.766565894695388,0.7
78,50,1000,10,3,0.05,5,0.1,752.6759118121117,13.290520629353331,0.968,3.363061123061925,9.555834565725474,0.909
15,10,1000,10,3,0.05,5,0.1,934.6244161631912,8.100802964772683,0.964,3.2317222356796265,13.560971311698388,0.698
6,200,1000,50,3,0.05,5,0.1,692.869514439255,10.474495993629455,0.972,3.6426889183931057,6.805025682611835,0.997
67,100,1000,30,3,0.05,5,0.1,596.8357220450416,9.758767122995652,0.96,3.117939447052777,8.88401037583176,0.998
305,100,1000,10,3,0.05,5,0.1,418.9875189214945,7.230392704140969,0.978,3.570328678935766,5.708525030481518,0.998
389,30,1000,50,3,0.05,5,0.1,965.7470278069376,7.316984530821833,0.969,3.92000487819314,12.322384855283708,0.916
83,10,1000,30,3,0.05,5,0.1,7696.923793913331,11.927139725164883,0.763,3.2653174879960716,16.138866247991924,0.419
37,50,1000,10,3,0.05,5,0.1,869.5970334238373,13.478276359049492,0.957,3.266073496080935,8.422464568109524,0.859
70,30,1000,10,3,0.05,5,0.1,594.6582808331586,10.181643360158896,0.964,3.244648340623826,8.031144302076132,0.969
86,100,1000,50,3,0.05,5,0.1,1057.006840755697,9.56440443294996,0.974,2.8250576751306653,7.53740936570482,0.97
56,200,1000,50,3,0.05,5,0.1,1271.5623176838271,15.194975017562138,0.922,3.74098545499146,7.368888930451739,0.713
75,100,1000,10,3,0.05,5,0.1,477.6399765377864,12.579239951847391,0.963,3.366865998134017,6.682872620970367,0.997
45,30,1000,10,3,0.05,5,0.1,1497.6743950881064,12.636930841330736,0.909,3.2868317891843617,11.966626049121494,0.592
94,50,1000,30,3,0.05,5,0.1,921.2349655171856,10.58632066599022,0.956,3.2649543290026486,7.95105984389951,0.908
26,200,1000,10,3,0.05,5,0.1,479.8943174988962,7.815590304848865,0.961,3.2575381728820503,5.720394820518014,0.998
381,50,1000,50,3,0.05,5,0.1,1922.0537996329367,11.5599451325448,0.963,3.417178839445114,13.251030979198749,0.491
34,100,1000,10,3,0.05,5,0.1,736.3166037402116,12.95460013511486,0.959,3.383034994825721,8.333408397117934,0.926
17,200,1000,50,3,0.05,5,0.1,853.0692432909273,14.328245509420077,0.941,3.4755025589838624,7.036370538698855,0.788
54,10,1000,10,3,0.05,5,0.1,726.175826065708,8.60239459347772,0.981,3.2442870317026973,13.31161994339039,0.764
44,100,1000,50,3,0.05,5,0.1,674.7001062030904,8.726935583545593,0.956,3.0316185778938234,10.346559549455808,0.995
94,200,1000,50,3,0.05,5,0.1,787.7619171673432,10.673649919842392,0.959,3.3567746342159808,4.829505422356428,0.914
61,10,1000,10,3,0.05,5,0.1,893.1864943089895,7.652302351219799,0.963,3.3961245538666844,13.029563082159392,0.75
39,50,1000,10,3,0.05,5,0.1,735.6146994079463,12.298804653240698,0.951,3.388228715863079,9.45469532616378,0.93
67,200,1000,10,3,0.05,5,0.1,428.38449206529185,9.589774061418932,0.963,3.5381050151772797,6.795950402440408,0.998
97,10,1000,10,3,0.05,5,0.1,795.0460369009525,7.76129860183096,0.885,3.344835553318262,13.589166235712591,0.701
314,10,1000,50,3,0.05,5,0.1,3382.4643959999084,14.866445757409076,0.933,3.432660084217787,16.003550889123282,0.303
6,30,1000,30,3,0.05,5,0.1,1195.1776482360438,9.90259152689428,0.972,3.5701623097993433,11.335909805497318,0.699
61,200,1000,30,3,0.05,5,0.1,680.579244713299,8.763089197117779,0.964,3.323612003121525,5.780619360065872,0.998
59,50,1000,30,3,0.05,5,0.1,885.6481763948686,10.295022352937432,0.956,3.354994123801589,12.526854543587351,0.948
88,30,1000,10,3,0.05,5,0.1,1953.11371771805,15.97321454443701,0.958,3.5380602846853435,10.875247978674851,0.655
34,10,1000,30,3,0.05,5,0.1,2933.400913241785,9.58213949453017,0.868,3.269040619954467,15.954580950327063,0.401
321,10,1000,50,3,0.05,5,0.1,8314.149196896702,15.789380906076712,0.544,3.213238295167685,17.30419285195756,0.365
32,100,1000,30,3,0.05,5,0.1,669.9739808449522,7.534531492884115,0.979,3.954830037429929,8.424746848316762,0.998
62,50,1000,30,3,0.05,5,0.1,954.9000168321654,12.29368515083399,0.975,3.963561033364386,10.372531523692809,0.863
330,30,1000,50,3,0.05,5,0.1,1163.0980540663004,10.957749058984144,0.953,3.2416533790528774,12.830875757215944,0.727
20,200,1000,30,3,0.05,5,0.1,872.9842724506743,10.849085806552896,0.943,2.790028522256762,9.137069844374496,0.976
377,50,1000,50,3,0.05,5,0.1,928.5067908801138,10.24041249342325,0.954,3.189745519310236,10.208650731127149,0.937
25,30,1000,30,3,0.05,5,0.1,811.953390236944,7.902127087962905,0.966,3.459339977707714,12.327553010594189,0.916
342,50,1000,50,3,0.05,5,0.1,989.8929406404496,11.69732827820332,0.962,2.8195581510663033,12.926383745147415,0.908
10,30,1000,30,3,0.05,5,0.1,1085.1711804186923,7.868201777628752,0.973,3.563799192197621,10.818069115399853,0.921
311,100,1000,10,3,0.05,5,0.1,869.011507358402,14.709828785576557,0.958,3.221900347620249,9.022353204425931,0.956
73,100,1000,30,3,0.05,5,0.1,794.9838684811257,7.072372023167822,0.971,3.3583637727424502,8.052693692657055,0.998
99,10,1000,10,3,0.05,5,0.1,1212.8845002693124,10.783319181264051,0.946,3.333114758133888,13.466308855640792,0.589
86,30,1000,10,3,0.05,5,0.1,694.4102333690971,11.222803236735473,0.977,3.458284016698599,8.578532296357297,0.962
8,30,1000,30,3,0.05,5,0.1,825.981697620824,9.159613477717397,0.976,3.2508101277053356,12.112058794195171,0.789
57,50,1000,30,3,0.05,5,0.1,800.3220334337093,11.881702574238524,0.959,3.2564623868092895,12.699501088648626,0.875
305,30,1000,50,3,0.05,5,0.1,1004.0667129680514,7.9061902082729505,0.954,3.237950280308723,13.241396391350444,0.908
360,10,1000,50,3,0.05,5,0.1,3091.980639565736,10.109454973413325,0.937,3.312555644661188,17.027055142238996,0.378
61,100,1000,10,3,0.05,5,0.1,544.0949643701315,8.705416908146633,0.973,3.6621196479536593,5.455214828067618,0.997
42,200,1000,50,3,0.05,5,0.1,613.1039189998992,9.06661301446257,0.956,3.661378546152264,5.619943040615661,0.998
92,100,1000,50,3,0.05,5,0.1,1004.8922639540395,15.839911373335068,0.946,3.5915447659790516,8.015651064475586,0.795
75,10,1000,30,3,0.05,5,0.1,1841.377468119841,9.91906842948865,0.918,3.453875979874283,15.823498881626628,0.501
40,10,1000,30,3,0.05,5,0.1,1740.6217740192078,8.903349563002909,0.95,3.334874459076673,17.98516828740914,0.536
18,50,1000,30,3,0.05,5,0.1,1211.7963628363796,10.929644648449054,0.952,3.304277727846056,12.18701065423716,0.724
11,100,1000,50,3,0.05,5,0.1,917.7193519291468,12.561605861922931,0.968,3.5312066678889096,8.701258231307856,0.877
32,200,1000,10,3,0.05,5,0.1,464.57545601576567,8.182157562896533,0.962,3.378082489129156,5.138620176933077,0.998
355,10,1000,50,3,0.05,5,0.1,11148.401890449226,15.931283860515911,0.51,3.4703306071460247,17.062003301355606,0.448
100,30,1000,30,3,0.05,5,0.1,888.7100869859569,7.414874043859047,0.967,3.5096006062813103,13.62845730606286,0.933
344,30,1000,50,3,0.05,5,0.1,952.1172284409404,7.931185599265192,0.974,3.1545323841273785,12.75865804080597,0.903
20,100,1000,10,3,0.05,5,0.1,498.5507407640107,11.007744953228354,0.941,3.2096060630865395,8.25518061706653,0.982
16,50,1000,30,3,0.05,5,0.1,1442.3223434221,11.912780452861464,0.956,3.346566733904183,12.78176464970237,0.576
51,30,1000,30,3,0.05,5,0.1,910.0898650968448,10.334042346161048,0.954,3.4406513241119683,12.33560340935076,0.928
303,50,1000,50,3,0.05,5,0.1,1249.4986187703907,12.58744103177948,0.946,3.1739614978432655,11.56358385093974,0.684
80,50,1000,10,3,0.05,5,0.1,416.1621108567342,8.516297922102261,0.948,3.9339197990484536,6.740287489851106,0.995
73,200,1000,10,3,0.05,5,0.1,468.1096206069924,7.044353775319982,0.974,3.590778972953558,4.344483662818188,0.998
80,200,1000,50,3,0.05,5,0.1,570.2394999777898,8.35494487212819,0.957,2.777661530300975,7.115537270141576,0.998
50,100,1000,50,3,0.05,5,0.1,972.169591342099,12.234046726602887,0.947,3.4785441723652184,9.439776553889756,0.711
64,30,1000,30,3,0.05,5,0.1,927.9107252219692,8.984702953568252,0.97,3.2013033451512456,11.018536979239435,0.858
336,50,1000,50,3,0.05,5,0.1,991.8791990354656,9.401538742376967,0.962,3.3855113238096237,9.72330161747161,0.938
371,30,1000,50,3,0.05,5,0.1,1054.7326368950307,9.72195806373151,0.939,3.377809975296259,13.405516823661229,0.835
23,50,1000,30,3,0.05,5,0.1,1086.2655713148415,11.857446838227586,0.951,3.2908196137286723,11.411037019351282,0.83
1,50,1000,30,3,0.05,5,0.1,829.8791100108065,9.402969522372612,0.978,3.2603756352327764,11.190256102403634,0.949
354,10,1000,50,3,0.05,5,0.1,3065.6754262931645,8.843420910254444,0.947,3.2545174285769463,16.93622259315783,0.396
19,50,1000,30,3,0.05,5,0.1,1131.8252841359936,11.0742727967934,0.971,3.346696420107037,14.310274037378347,0.844
65,200,1000,30,3,0.05,5,0.1,598.478051058948,12.271426044908123,0.955,3.364528628066182,9.182003254607633,0.998
41,10,1000,30,3,0.05,5,0.1,2435.1555739743635,9.708470612992471,0.929,3.1911290623247623,17.361276677644977,0.481
4,100,1000,50,3,0.05,5,0.1,802.5225099548697,13.547047929247915,0.943,2.8134886268526316,8.207294795433118,0.949
74,10,1000,30,3,0.05,5,0.1,2500.6957013430074,9.703650253390949,0.927,3.2200902779586613,15.1227290652241,0.316
354,100,1000,10,3,0.05,5,0.1,566.9175697900355,10.487946705383791,0.964,3.1893282793462276,5.618142964161648,0.982
36,100,1000,30,3,0.05,5,0.1,720.4242438930087,13.84804556431171,0.966,3.3426567218266428,6.0808375516441355,0.877
370,30,1000,50,3,0.05,5,0.1,954.4482112005352,9.99966140114076,0.95,3.2903589978814125,15.390723645852844,0.719
22,50,1000,30,3,0.05,5,0.1,946.8089146669954,12.143406285316674,0.942,3.730916868895292,10.634050181915123,0.9
24,200,1000,30,3,0.05,5,0.1,632.2111591878347,12.102724043614552,0.967,3.349643792025745,7.869722404781544,0.99
65,30,1000,30,3,0.05,5,0.1,966.2024404089898,11.813913402754151,0.949,3.2847677702084184,15.929082235136327,0.789
337,50,1000,50,3,0.05,5,0.1,1722.050719153136,14.97260524000012,0.932,3.460543807595968,12.206916457747116,0.518
77,100,1000,30,3,0.05,5,0.1,1654.829338600859,12.457101758393769,0.949,2.8017312958836555,10.24349500678854,0.544
315,100,1000,10,3,0.05,5,0.1,455.1391504704952,14.12783331082438,0.951,3.4517433047294617,8.77802975455907,0.99
50,30,1000,30,3,0.05,5,0.1,2130.513286436908,10.37909847820903,0.922,3.3567110379226506,13.463407834976673,0.468
302,50,1000,50,3,0.05,5,0.1,891.452036075294,9.8141876134082,0.953,3.275017946958542,12.395323004465858,0.881
81,50,1000,10,3,0.05,5,0.1,488.2753154640086,9.83381608389441,0.973,3.659620208665729,10.996123004927522,0.991
345,30,1000,50,3,0.05,5,0.1,1378.9187873974442,9.052172705886136,0.958,3.302362959831953,13.99733081761341,0.67
17,50,1000,30,3,0.05,5,0.1,1935.3709883778356,13.06177996032043,0.926,3.795526960864663,10.876941654854102,0.593
320,10,1000,50,3,0.05,5,0.1,2570.846306849271,10.53029915603016,0.904,3.2671753354370594,19.00329427941671,0.505
378,50,1000,50,3,0.05,5,0.1,2195.6489012017846,10.794805566585172,0.947,3.299691930413246,10.449484205961353,0.606
96,100,1000,50,3,0.05,5,0.1,954.3778139450588,13.765882836496775,0.966,3.449041123036295,11.686126015789542,0.984
46,200,1000,50,3,0.05,5,0.1,691.1099885860458,10.15513379354392,0.952,3.687929894775152,6.81237264954023,0.998
65,100,1000,10,3,0.05,5,0.1,480.7923478251323,11.995450659544794,0.956,3.3356682183220983,9.266034416839537,0.994
35,10,1000,30,3,0.05,5,0.1,1749.903568690177,10.366512001675272,0.95,3.4701367332600057,16.66762959105135,0.452
58,50,1000,30,3,0.05,5,0.1,1290.464119974058,14.488640545342866,0.953,3.357980324421078,11.623226409240203,0.823
7,30,1000,30,3,0.05,5,0.1,1036.5584431970492,12.13990741978534,0.954,3.230216430965811,16.28423103047423,0.439
89,30,1000,10,3,0.05,5,0.1,776.1882767290808,9.674262138394456,0.96,3.203579753637314,9.66735439688632,0.933
96,10,1000,10,3,0.05,5,0.1,993.472098742146,12.992859677097083,0.963,3.3950651474297047,15.580254933562427,0.5
315,10,1000,50,3,0.05,5,0.1,2405.8744033910334,12.853870637092411,0.927,3.178726751357317,16.833104705410342,0.404
36,200,1000,10,3,0.05,5,0.1,575.6890460001305,13.528963214270895,0.967,3.2597219990566373,6.840439171202143,0.978
15,100,1000,50,3,0.05,5,0.1,1088.9243778451346,8.871510264947663,0.964,4.035126589238644,7.88429293852822,0.991
87,30,1000,10,3,0.05,5,0.1,661.19047571579,12.691146482060397,0.957,3.4009982962161303,7.18473863995184,0.855
56,50,1000,30,3,0.05,5,0.1,2136.152825219091,12.780340447195483,0.893,3.2571280277334154,10.079910353698065,0.622
24,100,1000,10,3,0.05,5,0.1,514.2254095389508,12.04588516316882,0.962,3.40062852203846,5.550315086233117,0.988
304,30,1000,50,3,0.05,5,0.1,1130.9031736329198,11.503216651125287,0.961,3.1804231517016888,17.652482246053882,0.728
9,30,1000,30,3,0.05,5,0.1,1519.9318540161476,11.23844154483844,0.962,3.347991779912263,13.7807685610464,0.56
343,50,1000,50,3,0.05,5,0.1,993.8829551003872,7.944938275210846,0.953,3.4534216932952404,12.816890382958327,0.967
11,30,1000,30,3,0.05,5,0.1,1478.2979439757764,12.718282503926478,0.969,3.153632906731218,15.298283547037869,0.695
98,10,1000,10,3,0.05,5,0.1,587.0569879836403,9.131201009332637,0.962,3.409571684896946,13.5352150460382,0.828
54,100,1000,50,3,0.05,5,0.1,916.3412291309796,10.819729846848844,0.977,2.8175784428603947,10.028851327217414,0.978
84,200,1000,50,3,0.05,5,0.1,664.6839668611065,11.84328873072826,0.972,2.807649693917483,10.029534896997305,0.998
77,200,1000,10,3,0.05,5,0.1,701.2459219619632,14.017997459026663,0.958,3.775955505203456,11.294681197676653,0.726
376,50,1000,50,3,0.05,5,0.1,954.9516892433168,11.648331659913117,0.946,3.2641991786658764,11.49480770878477,0.965
24,30,1000,30,3,0.05,5,0.1,1058.0156959570013,11.04029881467287,0.949,3.5976685183122754,9.94970771727313,0.805
63,50,1000,30,3,0.05,5,0.1,856.033828470856,9.952825822688355,0.961,3.3101351629011333,10.009899063132888,0.974
331,30,1000,50,3,0.05,5,0.1,1262.845258794725,9.94708944449358,0.953,3.2228590175509453,17.02183004279402,0.663
44,30,1000,10,3,0.05,5,0.1,614.9097942118533,8.998000693240133,0.959,3.5704643661156297,9.696297174370848,0.994
71,200,1000,30,3,0.05,5,0.1,1166.6970677468926,13.851030379685367,0.944,3.474480126053095,14.685929934162395,0.413
95,50,1000,30,3,0.05,5,0.1,999.494196137879,11.620887104538223,0.959,3.2688757930882275,8.277654667236504,0.891
71,30,1000,10,3,0.05,5,0.1,1021.2149844500236,15.715271654535744,0.949,3.363983126822859,14.503127720688983,0.505
22,100,1000,30,3,0.05,5,0.1,808.7867230921984,12.527529087516488,0.959,3.29948238003999,10.565448754920482,0.982
36,50,1000,10,3,0.05,5,0.1,710.7464032620192,13.184231105921524,0.963,3.3188349502161145,9.33907610592085,0.815
340,100,1000,10,3,0.05,5,0.1,581.2343554534018,7.948950358669718,0.98,2.758099924772978,5.765027880314049,0.993
30,200,1000,30,3,0.05,5,0.1,780.275462849997,12.583789117992511,0.93,3.727615574840456,8.038803243884198,0.919
38,50,1000,10,3,0.05,5,0.1,492.4291768637486,9.40663514280854,0.968,3.3889324590563774,8.628359903067366,0.983
60,10,1000,10,3,0.05,5,0.1,849.8864427101798,8.53245956513474,0.96,3.3537402898073196,18.741069824168967,0.564
2,200,1000,50,3,0.05,5,0.1,931.961354278028,11.818749084696956,0.954,2.796502694953233,8.436736051118483,0.961
55,10,1000,10,3,0.05,5,0.1,788.3721537692472,9.61734986738632,0.961,3.227384722325951,14.597573520946495,0.643
301,100,1000,10,3,0.05,5,0.1,667.1217515729368,11.341686383681274,0.981,3.0792041830718517,8.950140731888565,0.99
63,100,1000,30,3,0.05,5,0.1,703.6231165439822,10.280150100681547,0.97,2.837663016282022,8.546372596991313,0.995
77,50,1000,10,3,0.05,5,0.1,990.96983142104,13.462443876883018,0.947,3.809179883915931,10.289015536004792,0.57
71,100,1000,10,3,0.05,5,0.1,710.6726931259036,15.649251050319812,0.946,3.288273005746305,9.454790032747608,0.856
52,200,1000,50,3,0.05,5,0.1,652.2241559252143,7.934301794729805,0.969,3.705776440910995,6.702529209763081,0.998
82,100,1000,50,3,0.05,5,0.1,997.6601624968462,8.728236520620683,0.956,2.7996574956923723,8.569111739671081,0.992
30,30,1000,10,3,0.05,5,0.1,1156.703346169088,13.077739340223578,0.864,3.3593945051543415,9.770632901490384,0.667
2,10,1000,10,3,0.05,5,0.1,1274.7183717223816,10.21572770703372,0.939,3.196094120852649,13.539085611846277,0.649
386,30,1000,50,3,0.05,5,0.1,936.6140657328068,7.675343748453881,0.972,3.5798096992075443,12.969619075140312,0.83
93,30,1000,30,3,0.05,5,0.1,979.9859479106964,12.73684404272112,0.942,3.532196414191276,17.28215223092874,0.634
399,10,1000,50,3,0.05,5,0.1,1390.9168432988226,8.802297448104882,0.95,3.1787341870367527,22.004502433108705,0.421
22,200,1000,10,3,0.05,5,0.1,685.182618462015,11.711269187355065,0.955,3.768414644990117,9.725309357898375,0.997
42,50,1000,10,3,0.05,5,0.1,410.2134576579556,9.415352139919406,0.958,3.4170411280356348,6.800771363266875,0.977
13,200,1000,50,3,0.05,5,0.1,847.381901412271,14.839173029802057,0.953,3.613544695079326,11.836896365633343,0.739
82,10,1000,30,3,0.05,5,0.1,1939.7548932428472,8.832695641781894,0.951,3.244595040101558,19.128093289485744,0.476
388,30,1000,50,3,0.05,5,0.1,1253.261110559106,11.19351152162318,0.947,3.2526166439056396,12.323115754148445,0.657
30,100,1000,10,3,0.05,5,0.1,565.9505627639592,12.424096159060124,0.933,3.369057389907539,7.582920922296648,0.871
14,10,1000,10,3,0.05,5,0.1,912.1404907437972,8.936740570755587,0.957,3.37231164239347,17.72942735681407,0.595
397,10,1000,50,3,0.05,5,0.1,2167.910301543772,10.429899426027394,0.934,3.26925240829587,20.45175125978176,0.5
63,200,1000,10,3,0.05,5,0.1,509.9307879223488,10.558490794311872,0.97,3.6263609430752695,5.321516033697003,0.998
79,50,1000,10,3,0.05,5,0.1,723.655602443032,10.691567788239023,0.956,3.4196810759603977,8.202790398395647,0.974
21,10,1000,10,3,0.05,5,0.1,1159.2526306007055,11.4676143636305,0.943,3.361581386998296,18.01251408176009,0.272
90,200,1000,50,3,0.05,5,0.1,643.3561040889472,12.300937143182544,0.955,3.3378532980568707,6.833995669344312,0.996
40,100,1000,50,3,0.05,5,0.1,734.9593214187771,9.716829087124909,0.958,3.422510913107544,6.788506608972602,0.986
362,10,1000,10,3,0.05,5,0.1,2347.5188119634986,10.141601637980669,0.925,3.36201398819685,16.918861553856267,0.398
357,10,1000,10,3,0.05,5,0.1,1386.747439660132,10.50580628821993,0.901,3.2659733928740025,16.405275955162878,0.486
348,30,1000,10,3,0.05,5,0.1,991.8941386751832,12.262525694971222,0.944,3.297722302377224,13.5340655009974,0.648
399,50,1000,30,3,0.05,5,0.1,523.5631738118827,7.949938614719724,0.962,3.8371007554233074,9.066498715391267,0.997
359,10,1000,10,3,0.05,5,0.1,3123.183262567967,13.045442142799557,0.858,3.445864070206881,11.487806274614249,0.494
301,50,1000,10,3,0.05,5,0.1,1001.4636759757996,11.31738815071746,0.981,3.538837991654873,10.596129482188914,0.938
82,50,1000,50,3,0.05,5,0.1,913.4046009490266,9.140447569556832,0.955,3.268726964946836,12.179160948415014,0.909
397,50,1000,30,3,0.05,5,0.1,824.9876229763031,8.74305786510958,0.951,3.276412211358547,12.630769856509446,0.959
346,30,1000,10,3,0.05,5,0.1,1119.941797837615,12.561165267719597,0.938,3.246277879923582,15.11746145803936,0.611
373,30,1000,10,3,0.05,5,0.1,836.2932483442128,11.165830266499745,0.948,3.2408278807997704,10.458737275225516,0.777
334,50,1000,10,3,0.05,5,0.1,923.5309968329966,10.654508254010274,0.947,3.317357491701842,8.61298392436236,0.703
309,30,1000,10,3,0.05,5,0.1,646.2706824615598,12.463720169526264,0.96,3.193072509020567,8.34476567853358,0.9
380,10,1000,30,3,0.05,5,0.1,2455.006707455963,9.364445881514856,0.945,3.273976370692253,17.576618063683206,0.524
95,10,1000,50,3,0.05,5,0.1,2394.724635209888,12.34654389057909,0.926,3.273783816024661,17.819622371676427,0.39
316,10,1000,10,3,0.05,5,0.1,714.2273790575564,8.130989359965486,0.967,3.1890644133090973,12.185489889943744,0.815
323,10,1000,10,3,0.05,5,0.1,561.2661997638643,10.073470590988451,0.943,3.2383959479629993,12.197547363254085,0.893
375,50,1000,10,3,0.05,5,0.1,639.879467073828,9.16327790266931,0.939,3.313861560076475,7.487006402335672,0.982
332,30,1000,10,3,0.05,5,0.1,852.5833202116191,13.73912516353864,0.975,3.2737327702343464,11.890371331421742,0.701
84,30,1000,50,3,0.05,5,0.1,1122.3021187698469,12.122199336496978,0.962,3.15817187493667,14.103185512512049,0.564
307,30,1000,10,3,0.05,5,0.1,1205.0024528354406,12.095553789502562,0.939,3.3109545707702637,13.62532137683994,0.58
318,10,1000,10,3,0.05,5,0.1,971.6776911243796,8.204375350665815,0.971,3.2808632403612137,20.94950839341065,0.459
340,50,1000,10,3,0.05,5,0.1,634.2960778437555,7.813740335305209,0.971,3.330027837306261,7.40196497572856,0.984
391,30,1000,30,3,0.05,5,0.1,4773.979542031884,18.232029988178347,0.405,3.3734860979020596,10.161548954408005,0.616
378,10,1000,30,3,0.05,5,0.1,2394.2650008127093,10.984922836098246,0.82,3.2379710227251053,14.399396253234343,0.379
72,30,1000,50,3,0.05,5,0.1,1162.0010917438194,7.473772625484979,0.965,3.3334695072844625,12.058777928303885,0.941
320,50,1000,30,3,0.05,5,0.1,965.9129693508148,12.474397834899596,0.963,3.147053651511669,13.177162715663831,0.897
367,30,1000,30,3,0.05,5,0.1,1329.1068111136556,13.749613409206235,0.964,3.057681765407324,12.492567136240227,0.394
35,50,1000,50,3,0.05,5,0.1,857.8294983026572,12.673763906211782,0.966,3.223367114085704,12.520549721171108,0.834
88,200,1000,10,3,0.05,5,0.1,755.3442296911962,18.440644433954464,0.968,3.1574995941482484,10.817148193645924,0.62
58,100,1000,10,3,0.05,5,0.1,648.4572890568525,15.378567031791894,0.963,3.1561273862607777,6.61419051050739,0.837
383,50,1000,10,3,0.05,5,0.1,767.1036857515574,10.254987098545945,0.962,3.2846971713006496,11.14688743778648,0.979
352,30,1000,30,3,0.05,5,0.1,860.1611459515989,11.12886341820338,0.975,3.182334277778864,12.338387805982098,0.861
58,10,1000,50,3,0.05,5,0.1,4625.742318481207,12.381434807205592,0.741,3.67126880120486,14.84131910029894,0.31
47,30,1000,50,3,0.05,5,0.1,924.23349012807,6.911288737188653,0.976,3.1282894709147513,13.411929394334509,0.972
315,50,1000,30,3,0.05,5,0.1,980.1411871686578,13.89370341140972,0.955,3.0574436374008656,10.705466613551302,0.856
28,100,1000,50,3,0.05,5,0.1,750.1757784062065,9.68005970854619,0.963,3.564732742961496,6.884740277981716,0.995
56,10,1000,50,3,0.05,5,0.1,8821.287019173149,11.36002403454328,0.676,3.502402633894235,16.3138469675109,0.361
19,100,1000,10,3,0.05,5,0.1,588.7432542056777,12.115071805097704,0.976,3.540696820244193,9.335133491610703,0.995
343,10,1000,30,3,0.05,5,0.1,1315.3067643754184,8.801007613124655,0.953,3.335928149521351,19.936761086650105,0.603
49,30,1000,50,3,0.05,5,0.1,1070.9823150858283,8.273294916809778,0.969,3.178752899169922,14.936055815556308,0.856
69,100,1000,50,3,0.05,5,0.1,762.5196144958027,6.9989818631350245,0.982,3.361233930103481,9.101101382951096,0.996
376,10,1000,30,3,0.05,5,0.1,1737.8338908478618,11.059227027204464,0.921,3.2635289654135704,17.321930201014784,0.555
8,200,1000,30,3,0.05,5,0.1,710.6879331138916,8.868350314886946,0.983,3.3057313268072903,4.214488213618569,0.997
369,30,1000,30,3,0.05,5,0.1,1204.0495168566704,10.340135055016754,0.963,3.0708898790180683,16.27172962034379,0.49
354,50,1000,30,3,0.05,5,0.1,1027.3993790261447,10.00210065038457,0.961,3.264480073004961,9.381654262506755,0.863
1,10,1000,50,3,0.05,5,0.1,1482.4245072999038,9.89036320747266,0.968,3.526667194906622,17.51581857976614,0.572
385,30,1000,10,3,0.05,5,0.1,741.0357354693115,8.602952408405592,0.979,3.3658202961087227,8.408120057997268,0.896
88,100,1000,30,3,0.05,5,0.1,1632.2071114876308,16.34419534271331,0.97,3.383507322985679,11.499319629992527,0.296
58,200,1000,30,3,0.05,5,0.1,742.2879834091291,15.787657055719569,0.957,3.522848827764392,7.10372824225665,0.873
41,50,1000,50,3,0.05,5,0.1,921.0830211420543,9.37998545966594,0.943,3.090237209107727,14.2024382001209,0.723
313,30,1000,30,3,0.05,5,0.1,1260.3534594886005,11.302749699432912,0.97,3.1544433794915676,14.793318543443752,0.61
19,10,1000,50,3,0.05,5,0.1,3894.482230899855,10.691657981345514,0.862,3.2967659612186253,15.834987227091704,0.408
74,50,1000,50,3,0.05,5,0.1,894.9928166186437,13.338934850461918,0.96,3.3345327489078045,13.580974629078565,0.558
326,30,1000,30,3,0.05,5,0.1,991.5618102476,8.762612192247303,0.964,3.419143967330456,13.361716143786312,0.927
339,10,1000,30,3,0.05,5,0.1,1248.8233467824757,9.29346362710365,0.928,3.2814068272709846,20.23091161866315,0.541
369,100,1000,10,3,0.05,5,0.1,600.6776510886848,10.63848134556592,0.962,2.7556213550269604,7.860579263949312,0.991
361,50,1000,30,3,0.05,5,0.1,949.3837904147804,12.579187830443075,0.946,3.3066862262785435,15.636562850674228,0.703
33,30,1000,50,3,0.05,5,0.1,723.9965779152699,9.027236189280153,0.954,3.455216918606311,10.711694117493805,0.891
328,30,1000,30,3,0.05,5,0.1,1399.7146799750626,10.702067506267932,0.956,3.14548210054636,13.544333800020016,0.774
22,10,1000,50,3,0.05,5,0.1,7109.85533619998,12.207480780599246,0.895,3.5767402201890945,16.09276877385349,0.468
19,200,1000,30,3,0.05,5,0.1,824.2813184452243,12.22682965076117,0.969,3.4705677200108767,10.48826310244444,0.996
337,10,1000,30,3,0.05,5,0.1,3404.622676167637,13.78170958714568,0.83,3.3205045610666275,13.582729153433268,0.364
302,10,1000,30,3,0.05,5,0.1,1769.429319947958,10.297033175268146,0.912,3.2685173712670803,17.432726923102475,0.471
8,100,1000,10,3,0.05,5,0.1,480.9870500182733,8.708518540554635,0.987,3.716429064050317,4.687191048338034,0.998
17,10,1000,50,3,0.05,5,0.1,9959.398742013143,14.78692597938714,0.596,3.3049044590443373,13.326042378868966,0.331
394,10,1000,10,3,0.05,5,0.1,1552.0242832116785,12.079234027536463,0.951,3.1078955195844173,14.254316726144994,0.573
374,10,1000,30,3,0.05,5,0.1,994.465729638934,7.793849634858725,0.963,3.18160567432642,17.593382459765945,0.689
39,50,1000,50,3,0.05,5,0.1,1239.5438840729184,12.660502984110462,0.949,3.430196278262883,11.212308272211338,0.666
67,200,1000,50,3,0.05,5,0.1,556.745968780946,9.471126977380562,0.962,3.3467463101260364,6.591609696564959,0.998
94,200,1000,10,3,0.05,5,0.1,482.9785617128946,10.358699488782866,0.954,3.5812852890230715,3.432289712472849,0.991
44,100,1000,10,3,0.05,5,0.1,654.1962261479348,9.45085598394251,0.955,3.3374149068258703,7.431614541922692,0.998
6,100,1000,30,3,0.05,5,0.1,962.3513588537462,9.920050914379123,0.972,3.7974159070290625,7.289763949389415,0.988
54,10,1000,50,3,0.05,5,0.1,3838.8567862808704,9.543568811228662,0.934,3.473536618053913,18.729768631421432,0.407
341,10,1000,30,3,0.05,5,0.1,1508.60695239529,9.522719378917534,0.955,3.339322552084923,18.98946233492965,0.488
319,50,1000,30,3,0.05,5,0.1,674.076476983726,10.789096415113342,0.972,3.1542355194687843,9.953215269004966,0.954
17,200,1000,10,3,0.05,5,0.1,887.0661601061001,16.40445247230085,0.936,3.632976700551808,9.833497593974032,0.678
34,100,1000,50,3,0.05,5,0.1,934.5880722729488,12.537586080354986,0.95,2.8222668771632016,7.598458154738465,0.862
350,30,1000,30,3,0.05,5,0.1,983.00541016832,12.27724277769112,0.964,3.3905544094741344,15.54872376925088,0.48
381,50,1000,10,3,0.05,5,0.1,704.0839821472764,13.201944023061763,0.978,3.6834170445799823,9.415716251444673,0.886
26,200,1000,50,3,0.05,5,0.1,643.8176494087093,7.576781343213288,0.966,2.805847739800811,7.427632837319673,0.998
45,30,1000,50,3,0.05,5,0.1,4667.087525151204,12.961999925795746,0.889,3.3510816311463714,12.08617318738537,0.586
317,50,1000,30,3,0.05,5,0.1,690.2455084659159,10.07570141783662,0.96,3.112305160611868,10.114398989621296,0.885
75,100,1000,50,3,0.05,5,0.1,1048.8633340899833,12.569865288857354,0.956,3.501918493770063,10.137717957618012,0.962
70,30,1000,50,3,0.05,5,0.1,823.1656718179584,10.447582147815174,0.954,3.7356641767546535,13.287190015093806,0.821
56,200,1000,10,3,0.05,5,0.1,953.177993346937,14.472994215405738,0.94,2.8161226511001587,9.629975614023802,0.695
86,100,1000,10,3,0.05,5,0.1,523.048552504275,11.399348937151505,0.977,3.3842158247716725,5.328025733970833,0.997
322,50,1000,30,3,0.05,5,0.1,783.1775444224477,9.719325706162822,0.955,3.2266998551785946,13.999774538446973,0.837
365,30,1000,30,3,0.05,5,0.1,908.5401733517648,7.97391620107929,0.949,3.219477377831936,12.533063046774368,0.94
37,50,1000,50,3,0.05,5,0.1,1052.048916107975,13.660768588568397,0.955,3.3608855847269297,12.454722247077362,0.742
358,50,1000,30,3,0.05,5,0.1,2329.5874617919326,10.569932787440305,0.963,3.3334460482001305,12.394483509791716,0.635
389,30,1000,10,3,0.05,5,0.1,471.31904013082385,8.642969875772152,0.967,3.146396543830633,9.749745817368604,0.996
94,100,1000,30,3,0.05,5,0.1,957.9462458291092,10.57664760872526,0.963,3.2993204188533127,6.6241624948708635,0.965
44,200,1000,30,3,0.05,5,0.1,686.1931157968938,9.054414348536575,0.972,2.796428918838501,7.477869059529068,0.998
396,10,1000,10,3,0.05,5,0.1,1749.142810232937,10.739204171332473,0.953,3.192987773567438,15.130742039755004,0.532
15,10,1000,50,3,0.05,5,0.1,2061.7785528409295,8.783319625608883,0.959,3.453500882256776,18.961488509413236,0.417
6,200,1000,10,3,0.05,5,0.1,582.1742894169874,10.875793106939746,0.971,3.3122115046717227,4.480407308359895,0.998
20,10,1000,50,3,0.05,5,0.1,2624.218390940689,7.951392731288501,0.859,3.281346545089036,16.65074207243189,0.406
17,100,1000,30,3,0.05,5,0.1,1390.9267163560726,14.140805194168848,0.937,3.2022977033630013,10.659644517336464,0.577
324,30,1000,30,3,0.05,5,0.1,957.039389874786,10.060613755226203,0.959,3.5578647404909134,13.070696859831616,0.872
363,50,1000,30,3,0.05,5,0.1,1132.1022471301258,11.939622911999122,0.949,3.468440134078264,11.05430832463554,0.917
31,30,1000,50,3,0.05,5,0.1,1116.717273388058,9.685821729849032,0.942,3.0838007419370115,11.937175552563485,0.839
56,100,1000,30,3,0.05,5,0.1,2229.0342850373127,14.457032281490571,0.943,2.8112283032387495,10.776698559156886,0.539
334,100,1000,10,3,0.05,5,0.1,691.9878267087042,11.672151447991968,0.96,3.449849162250757,8.00661126188584,0.722
86,200,1000,30,3,0.05,5,0.1,739.8217206480913,11.4511566586931,0.977,2.814643085002899,6.727328606881574,0.995
387,30,1000,10,3,0.05,5,0.1,702.7951243817806,11.282938767846368,0.964,3.345868729054928,9.204938853765212,0.918
356,50,1000,30,3,0.05,5,0.1,623.2521799318492,7.233219947542248,0.965,3.3061597757041454,10.84820102393254,0.982
3,10,1000,50,3,0.05,5,0.1,3203.7766329669394,11.708001285313514,0.936,3.1410222640261054,16.397067802308406,0.523
43,50,1000,50,3,0.05,5,0.1,772.9347337768413,8.946220508974747,0.963,3.416142544709146,9.543592203949032,0.952
311,30,1000,30,3,0.05,5,0.1,1223.1379345916212,14.14605984179203,0.961,3.470245122909546,13.637326181700717,0.627
398,10,1000,10,3,0.05,5,0.1,1071.0768326036632,10.141106932325409,0.968,3.244658697396517,18.471938474220774,0.558
371,30,1000,10,3,0.05,5,0.1,488.2075532488525,8.61525772089981,0.957,3.4076478332281113,8.246600509514868,0.969
336,50,1000,10,3,0.05,5,0.1,556.5226094201207,10.13093303431353,0.969,3.325119022279978,6.634037020927377,0.98
50,100,1000,10,3,0.05,5,0.1,515.5812365389429,12.208893655822996,0.936,3.5372684439644217,6.311217749198269,0.927
80,200,1000,10,3,0.05,5,0.1,432.6201686859131,8.155398890469685,0.963,3.2537479577586055,4.4764861436893515,0.998
73,200,1000,50,3,0.05,5,0.1,690.1726437308826,7.160755347610336,0.971,3.6018248330801725,6.374690960636852,0.998
303,50,1000,10,3,0.05,5,0.1,674.7775131836534,10.408710773905549,0.958,3.4904822185635567,8.363661397148558,0.867
344,30,1000,10,3,0.05,5,0.1,686.7998867221177,7.200577069275491,0.967,3.3178275041282177,11.134000379194784,0.974
20,100,1000,50,3,0.05,5,0.1,891.6604294762947,10.022841129094228,0.958,3.5313214301131666,7.273903688905707,0.94
395,50,1000,30,3,0.05,5,0.1,985.255991537124,7.780102938436768,0.951,3.2256767489016056,12.533155184813609,0.937
32,200,1000,50,3,0.05,5,0.1,718.8656043880619,7.766803638796437,0.982,2.7951424340717494,6.977156860889383,0.998
355,10,1000,10,3,0.05,5,0.1,1319.7748683951795,11.642181907681868,0.9,3.2593533396720886,15.871164871891567,0.542
11,100,1000,10,3,0.05,5,0.1,516.8658097349107,12.602004017858224,0.976,3.880674063693732,6.9580541320030855,0.925
92,100,1000,10,3,0.05,5,0.1,618.9475138140842,16.572394472190457,0.962,3.444857298862189,6.999524394365198,0.902
42,200,1000,10,3,0.05,5,0.1,422.4168113381602,9.421978293480365,0.965,2.800584787968546,4.262475483793158,0.997
61,100,1000,50,3,0.05,5,0.1,628.8791331183165,8.43325979813285,0.968,3.20495115686208,7.526431682026989,0.995
360,10,1000,10,3,0.05,5,0.1,970.4963743574916,8.766674880955877,0.947,3.327310550957918,13.87278690403444,0.539
338,50,1000,10,3,0.05,5,0.1,946.9954176172614,15.33435523701731,0.981,3.3737534433603287,9.618768848124136,0.894
305,30,1000,10,3,0.05,5,0.1,401.7700893767178,7.532905510748735,0.963,3.190852392464876,10.033283350171832,0.984
86,30,1000,50,3,0.05,5,0.1,1164.4520688457417,10.628036554785226,0.973,3.271022845990956,17.32369443672987,0.542
99,10,1000,50,3,0.05,5,0.1,4224.361306214705,10.106745771279511,0.919,3.3278701161034405,14.395539901936232,0.397
393,30,1000,30,3,0.05,5,0.1,912.362427275628,10.335366709945196,0.954,3.425245951861143,11.13203208341089,0.836
50,200,1000,30,3,0.05,5,0.1,901.6582846180536,12.037066474579545,0.965,2.797515347134322,6.6922901377551804,0.959
342,50,1000,10,3,0.05,5,0.1,449.4070351161063,11.331609599306937,0.949,3.3517953008413315,8.678431089682618,0.964
80,100,1000,30,3,0.05,5,0.1,556.5012084590271,8.388694606152939,0.968,3.430865788832307,7.132019773207952,0.998
377,50,1000,10,3,0.05,5,0.1,693.0636825710535,10.682526780536485,0.957,3.442641708999872,10.326635529311298,0.981
361,100,1000,10,3,0.05,5,0.1,742.0073257870972,13.347810021131034,0.955,3.483940925449133,10.38206840785155,0.991
330,30,1000,10,3,0.05,5,0.1,664.7533319368958,11.194558051982233,0.952,3.207066100090742,10.876743805196352,0.919
11,200,1000,30,3,0.05,5,0.1,742.991034984123,12.425652326804869,0.968,3.2368910289369524,5.967619074117666,0.98
321,10,1000,10,3,0.05,5,0.1,3884.908388763666,9.875578849138812,0.59,3.1504211015999317,11.786344225751616,0.547
379,50,1000,10,3,0.05,5,0.1,662.0253685824573,12.056288317928583,0.949,3.121076751500368,11.277979877636024,0.941
88,30,1000,50,3,0.05,5,0.1,3662.34723924892,12.212066715000915,0.923,3.3319838088937104,11.972173379872174,0.55
382,10,1000,30,3,0.05,5,0.1,2934.4955630265176,14.30845685287944,0.911,3.4906632602214813,16.711157941090647,0.353
320,100,1000,10,3,0.05,5,0.1,441.9676002264023,13.168651350291338,0.96,3.200694218277931,9.487067121524351,0.993
92,200,1000,30,3,0.05,5,0.1,1054.3492107698694,16.47600861156675,0.954,3.605261106044054,8.669550321766877,0.935
42,100,1000,30,3,0.05,5,0.1,623.8758253157139,9.579103028032382,0.959,2.8596094748936594,6.881941524226077,0.994
314,10,1000,10,3,0.05,5,0.1,1055.7928932830691,15.363859657715008,0.968,3.122349951416254,14.98867090526196,0.668
97,10,1000,50,3,0.05,5,0.1,3655.97889366094,11.082558492381116,0.923,3.360142908990383,18.046453772228983,0.346
57,10,1000,10,3,0.05,5,0.1,1320.121854245197,9.065901675865463,0.928,3.3517407891340554,17.154617978190196,0.575
48,30,1000,10,3,0.05,5,0.1,577.974747590255,9.766017908734904,0.959,3.3773490651510656,8.426854914574497,0.979
99,50,1000,30,3,0.05,5,0.1,1211.1366501199082,12.636805656474914,0.955,3.3045591698028147,10.0559757463957,0.79
62,10,1000,10,3,0.05,5,0.1,854.7482888279483,11.535210088606595,0.963,3.246582318097353,19.919379314864177,0.406
73,30,1000,10,3,0.05,5,0.1,486.84925734531134,6.703437446075744,0.966,3.4071907359175384,9.224507275438407,0.991
34,50,1000,10,3,0.05,5,0.1,766.9950409238227,13.069493040734129,0.959,3.237533560022712,9.07642883639564,0.88
59,10,1000,10,3,0.05,5,0.1,663.4568051667884,10.44565773597645,0.947,3.3022317620925605,13.137627805572269,0.766
382,50,1000,50,3,0.05,5,0.1,1289.711827866733,12.224106932360971,0.948,3.442629791796207,15.356587818820008,0.478
97,50,1000,30,3,0.05,5,0.1,916.2668066020124,11.812040100270838,0.972,3.3248457689769566,11.166853426134727,0.814
46,30,1000,10,3,0.05,5,0.1,664.2498012897559,10.040488488341204,0.944,3.323049345985055,8.57357728379464,0.987
23,10,1000,10,3,0.05,5,0.1,1585.605749783106,9.804358364201532,0.897,3.50455808872357,16.478971854070107,0.482
80,10,1000,30,3,0.05,5,0.1,1244.3592323493212,8.857015694133368,0.948,3.3580876141786575,18.177500522198645,0.588
16,10,1000,10,3,0.05,5,0.1,1212.6545532359742,11.215458548673045,0.926,3.256310374941677,15.050363754705783,0.553
384,30,1000,50,3,0.05,5,0.1,827.7768519483507,10.271597003693174,0.959,3.182249516248703,17.533521504786254,0.435
40,50,1000,10,3,0.05,5,0.1,518.3548725969158,10.554334513229575,0.96,3.428410756867379,7.704645447743445,0.985
18,10,1000,10,3,0.05,5,0.1,927.3250820171088,10.973791931057114,0.936,3.247318189125508,13.096025242986707,0.662
91,30,1000,30,3,0.05,5,0.1,1025.441557053011,10.20203286579278,0.956,3.104747829027474,11.14450518809258,0.807
75,50,1000,10,3,0.05,5,0.1,505.11569435475394,12.389732106694415,0.963,3.3107873681001365,8.663622984800162,0.975
32,30,1000,10,3,0.05,5,0.1,468.2848159349523,8.156134534847954,0.964,3.209168960340321,8.44262454081103,0.987
83,50,1000,10,3,0.05,5,0.1,1232.2118009380065,11.411449902756576,0.892,3.073608559090644,9.053228293205263,0.803
358,10,1000,50,3,0.05,5,0.1,16897.35916957259,9.94672604857172,0.831,3.2661455161869526,14.524888040591048,0.546
52,30,1000,30,3,0.05,5,0.1,788.294130822178,7.879317259726658,0.957,3.402945205103606,12.40400566239198,0.916
347,30,1000,50,3,0.05,5,0.1,973.135949894786,11.329737491904252,0.948,3.296962063759566,11.54983376174772,0.814
15,50,1000,30,3,0.05,5,0.1,1111.0534398378804,9.525040862990409,0.964,3.2854163027368486,10.039243018587792,0.959
79,200,1000,30,3,0.05,5,0.1,644.4425833770074,10.493790722272744,0.954,2.8029275382868946,8.476685476055398,0.996
400,50,1000,10,3,0.05,5,0.1,630.4000236876309,11.017159239573026,0.909,3.1925891526043415,6.776749114615562,0.826
372,30,1000,50,3,0.05,5,0.1,1084.5324102565646,7.348322458036613,0.947,3.371083464473486,12.612963612225917,0.916
20,50,1000,30,3,0.05,5,0.1,1184.6492802691646,10.493641225941868,0.947,3.320266129914671,10.462893766495256,0.874
78,10,1000,30,3,0.05,5,0.1,1707.4198380899616,9.936742033186006,0.932,3.4652332994155586,15.289026744628922,0.387
67,30,1000,30,3,0.05,5,0.1,803.7563136019744,10.080290463840065,0.964,3.4174237907864153,12.210317318233306,0.942
335,50,1000,50,3,0.05,5,0.1,896.6710843481123,8.118714673775566,0.95,3.2678298726677895,10.491171548533892,0.957
348,100,1000,10,3,0.05,5,0.1,819.7573642097414,13.318996829443114,0.941,3.2157086320221424,11.40622003556976,0.914
76,10,1000,30,3,0.05,5,0.1,1829.448534745723,10.867642314446814,0.953,3.3080790140666068,16.301372912670647,0.581
38,200,1000,30,3,0.05,5,0.1,647.3500552722253,9.576545464766973,0.964,3.3560303458943963,8.490645304147503,0.997
69,30,1000,30,3,0.05,5,0.1,580.4326575212181,6.764893694586241,0.977,3.1187759242020547,13.450248368989142,0.94
3,50,1000,30,3,0.05,5,0.1,1017.6778832799756,11.659906620770103,0.964,3.2889536968432367,10.920405880539407,0.847
356,10,1000,50,3,0.05,5,0.1,1431.0469651035964,7.89937496739471,0.947,3.286562103778124,18.674686235856417,0.639
309,100,1000,10,3,0.05,5,0.1,453.4292724058032,12.379680667317864,0.956,3.669552844017744,4.183920844878702,0.85
349,30,1000,50,3,0.05,5,0.1,1783.3416813537478,11.067862441256946,0.958,3.0728605575859547,13.197090604614312,0.584
43,10,1000,30,3,0.05,5,0.1,1973.8394712661393,10.227176668408276,0.947,3.256340892985463,17.440564883775806,0.516
374,50,1000,50,3,0.05,5,0.1,963.5692274160684,7.314545466642864,0.976,3.220944792032242,11.746139791119957,0.952
26,30,1000,30,3,0.05,5,0.1,878.5152372461744,7.744737556309831,0.958,3.4215803830884397,14.58936634950978,0.872
79,100,1000,10,3,0.05,5,0.1,552.25689281011,10.73761369096342,0.955,3.349631297867745,9.136355895553857,0.995
61,50,1000,30,3,0.05,5,0.1,976.9492821353488,8.250441811846883,0.971,3.2656703144311905,9.158867248067136,0.945
333,30,1000,50,3,0.05,5,0.1,1177.452219221741,12.22215737786237,0.95,3.3120105527341366,14.616757918819872,0.616
39,10,1000,30,3,0.05,5,0.1,3546.785398606211,15.302747856766212,0.817,3.459735620301217,16.639798486792046,0.413
54,50,1000,30,3,0.05,5,0.1,846.6072110207751,10.011016468815589,0.981,3.2622975590638816,8.788729466339152,0.95
306,30,1000,50,3,0.05,5,0.1,1404.0623420402408,10.096033935657154,0.937,3.3249745331704617,15.319991395697356,0.535
85,30,1000,10,3,0.05,5,0.1,887.7683719168417,9.73280108434069,0.958,3.3430564519949257,8.266464419924686,0.914
319,10,1000,50,3,0.05,5,0.1,1608.6659469529986,10.120158225712013,0.92,3.2746743708848953,18.617741094175635,0.445
341,50,1000,50,3,0.05,5,0.1,1089.2938022315502,10.056650106517097,0.971,3.395009722560644,9.354801223238155,0.939
13,30,1000,30,3,0.05,5,0.1,2317.3546336242,11.431693718754929,0.878,3.181914357934147,16.230683928946018,0.464
38,100,1000,10,3,0.05,5,0.1,515.9993318431079,10.205466694268804,0.971,3.304647452197969,7.715047136373044,0.996
308,30,1000,50,3,0.05,5,0.1,1181.962905228138,12.054650383325924,0.95,3.073795937001705,15.614985735074905,0.571
5,30,1000,30,3,0.05,5,0.1,779.0326102627441,9.343145214124393,0.955,3.2064463030546904,12.765136576113932,0.897
317,10,1000,50,3,0.05,5,0.1,2647.221317254007,8.331706420874788,0.881,3.2889779917895794,18.81585926619854,0.419
94,10,1000,10,3,0.05,5,0.1,1069.7335557769984,9.410667291299728,0.947,3.3220533030107617,12.608417899449222,0.663
48,100,1000,50,3,0.05,5,0.1,559.5052952789702,9.74199831545135,0.96,3.3804531362839043,6.849432256612862,0.993
98,200,1000,50,3,0.05,5,0.1,616.9454213310964,9.340808798716848,0.956,2.8121036901138723,7.272424058866117,0.998
322,10,1000,50,3,0.05,5,0.1,2444.3725519627333,10.567623916975185,0.958,3.481896787881851,16.197848331168082,0.51
28,30,1000,30,3,0.05,5,0.1,916.1872232602908,8.664182154512279,0.953,3.516882214229554,13.924746639534856,0.841
37,10,1000,30,3,0.05,5,0.1,3175.1001117238775,11.416479225758668,0.823,3.2428791420534253,15.587721576291012,0.335
12,30,1000,30,3,0.05,5,0.1,1044.9551960420797,8.739554076959056,0.959,3.466702450066805,11.894899589219593,0.933
318,10,1000,50,3,0.05,5,0.1,1828.897679347545,10.867251761809284,0.955,3.2781777158379555,19.569546725919984,0.49
55,50,1000,30,3,0.05,5,0.1,885.0666625429876,9.63471724348096,0.961,3.2820297461003065,8.795371296371979,0.956
307,30,1000,50,3,0.05,5,0.1,2661.8444324061275,8.66080797780363,0.943,3.0540795736014843,12.590928030716736,0.64
84,30,1000,10,3,0.05,5,0.1,775.1940546301194,11.69674468315432,0.975,3.3638875377364457,12.176489333230869,0.936
38,10,1000,30,3,0.05,5,0.1,1918.185745137278,10.41973496920884,0.921,3.318793931044638,18.366594109458887,0.444
60,50,1000,30,3,0.05,5,0.1,914.8387942011468,8.838904442360498,0.953,3.9627226013690233,9.765137734460836,0.939
332,30,1000,50,3,0.05,5,0.1,1681.6174807362258,12.657380151375998,0.967,3.742501340806484,15.278052105285765,0.436
375,50,1000,50,3,0.05,5,0.1,800.7397026233375,10.77957183288657,0.943,3.246022306382656,9.610828442638114,0.912
27,30,1000,30,3,0.05,5,0.1,870.2343462696299,10.372505417522271,0.964,3.190514294896275,18.77724534017266,0.508
36,10,1000,30,3,0.05,5,0.1,2102.4720918661915,11.515115001191475,0.93,3.23542074393481,15.359622893989815,0.347
29,30,1000,30,3,0.05,5,0.1,1001.6866742810234,9.43078635935304,0.952,3.510949419811368,11.981748046756312,0.865
323,10,1000,50,3,0.05,5,0.1,1917.005130253732,10.46958518743533,0.926,3.2923143208026886,21.17687227014841,0.509
316,10,1000,50,3,0.05,5,0.1,1737.2904694527388,9.5253285348874,0.941,3.2656727470457554,19.406596257110515,0.521
95,10,1000,10,3,0.05,5,0.1,1657.6265652449802,11.590883647659576,0.954,3.233237480279058,19.16787393250866,0.432
4,30,1000,30,3,0.05,5,0.1,1137.738152531907,12.166472168814076,0.937,3.551203925162554,11.112474620669616,0.697
309,30,1000,50,3,0.05,5,0.1,1544.5427069291472,10.985431645718974,0.95,3.105255726724863,14.969684148715189,0.485
66,30,1000,30,3,0.05,5,0.1,1570.8261015191674,11.524147870820704,0.95,3.351422809995711,12.764437906933354,0.504
334,50,1000,50,3,0.05,5,0.1,2722.1876951418817,11.243026229764688,0.865,3.0259036645293236,11.02933548096902,0.608
79,10,1000,30,3,0.05,5,0.1,1507.1293256119825,10.223019041561884,0.897,3.347212614957243,16.433615185264788,0.408
373,30,1000,50,3,0.05,5,0.1,1539.883576836437,13.542162536309206,0.923,3.1382722593843937,12.316233067531938,0.521
21,50,1000,30,3,0.05,5,0.1,1207.9412445588969,13.831271646217484,0.958,3.2722185128368437,12.270327315937594,0.821
346,30,1000,50,3,0.05,5,0.1,1845.0219643712044,11.7174429393563,0.924,3.2690544202923775,17.41241817867011,0.515
14,50,1000,30,3,0.05,5,0.1,931.9923944720068,9.818122914839488,0.956,3.219362196046859,11.61894812608083,0.948
82,50,1000,10,3,0.05,5,0.1,565.543407167308,8.694440222469922,0.961,3.4491403196007013,7.044837936640436,0.996
53,30,1000,30,3,0.05,5,0.1,1136.0573823312295,10.832136253079106,0.981,3.1978943343274295,16.372025823458976,0.497
301,50,1000,50,3,0.05,5,0.1,1403.072923116386,11.367212402383313,0.953,3.6201966665685177,14.897781773138826,0.484
359,10,1000,50,3,0.05,5,0.1,6571.85239539668,14.08524036593264,0.309,3.237444844096899,15.224062252506108,0.406
42,10,1000,30,3,0.05,5,0.1,1553.6772507196292,9.610764036672188,0.95,3.2445290982723236,17.269967997298824,0.502
348,30,1000,50,3,0.05,5,0.1,1874.6123885065315,11.624285797282017,0.921,3.0964646749198437,12.812487520205469,0.487
2,50,1000,30,3,0.05,5,0.1,1140.0503814131953,12.831708021446891,0.957,3.3071746500208974,13.28421423609933,0.732
357,10,1000,50,3,0.05,5,0.1,3095.719639930874,8.25529624325101,0.904,3.2201776169240475,14.213292535246149,0.531
68,30,1000,30,3,0.05,5,0.1,1077.2720380509272,11.62446602312205,0.973,3.465033399872482,11.866438133614077,0.72
77,10,1000,30,3,0.05,5,0.1,5560.471802743152,11.6972934726599,0.714,3.2729250569827855,13.9712114347266,0.362
17,10,1000,10,3,0.05,5,0.1,2813.214132561814,14.58502740734429,0.787,3.2564508910290897,12.11274635958152,0.497
8,100,1000,50,3,0.05,5,0.1,791.577459028922,8.976384738283565,0.974,3.425525200087577,7.053380555484905,0.989
69,200,1000,30,3,0.05,5,0.1,562.5448419079185,7.027923933545835,0.979,3.542599529027939,6.078382818324419,0.998
81,10,1000,30,3,0.05,5,0.1,1192.5131015907973,9.74443318181602,0.964,3.2569878259673715,18.557018164402905,0.498
22,10,1000,10,3,0.05,5,0.1,1236.4102169838734,12.598770527621896,0.943,3.285225867293775,13.975507951181124,0.619
33,30,1000,10,3,0.05,5,0.1,516.9284331277013,9.759258568854468,0.955,3.264977506827563,8.07690687773812,0.977
28,200,1000,30,3,0.05,5,0.1,784.1403925199993,9.343858052099147,0.957,3.4032784197479486,5.3902454027098905,0.998
74,50,1000,10,3,0.05,5,0.1,790.9449998131022,14.01592371136824,0.975,3.245763096958399,9.359142784497196,0.921
19,10,1000,10,3,0.05,5,0.1,1258.1362844300456,9.879503152805068,0.936,3.272153301164508,15.737392718685069,0.524
41,50,1000,10,3,0.05,5,0.1,793.4907495230436,10.153007698722018,0.949,3.325262723956257,8.18103339647388,0.962
319,100,1000,10,3,0.05,5,0.1,484.97848258540034,10.699642631185029,0.975,3.559148896485567,7.236988527011964,0.997
90,30,1000,30,3,0.05,5,0.1,1232.2874308377504,11.58275063388674,0.953,3.3992871181108057,16.15957324761077,0.655
385,30,1000,50,3,0.05,5,0.1,1287.137111634016,7.848808494231744,0.964,3.1570298448204994,11.713445382034736,0.809
1,10,1000,10,3,0.05,5,0.1,822.9799616141245,7.843050345448377,0.976,3.3006528657861054,18.286625601797276,0.559
63,10,1000,10,3,0.05,5,0.1,687.1928158239461,9.895814941938182,0.968,3.2801728178747,17.218795919741737,0.645
69,100,1000,10,3,0.05,5,0.1,471.08423934318125,7.096970333476954,0.973,3.590000133030117,5.230029932994221,0.998
49,30,1000,10,3,0.05,5,0.1,580.613544406835,7.944563571364593,0.963,3.212683759164065,10.33974509216545,0.987
98,50,1000,30,3,0.05,5,0.1,935.0688071041368,9.693093798870423,0.956,3.3052614140324295,11.654113615303396,0.96
19,100,1000,50,3,0.05,5,0.1,1059.879853982944,11.050472583245066,0.972,3.4560480709187686,11.253019292067034,0.942
56,10,1000,10,3,0.05,5,0.1,5858.609002046753,13.652447955520962,0.568,3.2853184966370463,13.55468162420938,0.415
96,50,1000,30,3,0.05,5,0.1,963.8379895477556,11.601009842637676,0.969,3.3022113237529993,10.607625281934196,0.884
28,100,1000,10,3,0.05,5,0.1,455.1155897914432,9.457937064426046,0.962,3.5382319376803935,6.309262884772578,0.998
47,30,1000,10,3,0.05,5,0.1,544.104989554733,7.062241044706324,0.972,3.419091877993196,11.856843175108509,0.981
58,10,1000,10,3,0.05,5,0.1,1450.4199580741115,11.446036812603722,0.925,3.2421229858882725,14.023288200176347,0.416
383,50,1000,50,3,0.05,5,0.1,924.3007634952664,10.75298992473439,0.952,3.9560500867664814,13.020000802749848,0.907
58,100,1000,50,3,0.05,5,0.1,861.2358603850007,15.209940118520636,0.955,3.5307631199248135,7.170833632340553,0.715
88,200,1000,50,3,0.05,5,0.1,1074.4817616967484,17.207985660704203,0.962,3.759456336032599,9.2072898217603,0.524
35,50,1000,10,3,0.05,5,0.1,535.6340435049497,13.380510525915836,0.965,3.314237352926284,9.466376774395044,0.933
72,30,1000,10,3,0.05,5,0.1,509.626780488994,7.196194398002418,0.972,3.3712304499931633,10.071942148747295,0.959
331,30,1000,10,3,0.05,5,0.1,609.5051594376564,10.11619858390456,0.963,3.4003729932010174,15.851125871704651,0.762
376,50,1000,10,3,0.05,5,0.1,664.3863082788885,11.252168397943384,0.937,3.0599029511213303,9.36208522817615,0.974
77,200,1000,50,3,0.05,5,0.1,949.2297838558444,13.968569619058522,0.959,2.8023908771574497,7.4950760543127615,0.9
84,200,1000,10,3,0.05,5,0.1,623.9188663340174,12.19141194011146,0.976,3.4482532627880573,8.384300420761699,0.998
54,100,1000,10,3,0.05,5,0.1,455.4573500561528,10.756641544332854,0.984,3.093133502174169,6.069463411555391,0.998
392,30,1000,30,3,0.05,5,0.1,982.6451808102428,13.257900135489164,0.97,3.364840269088745,10.289441758973595,0.589
98,10,1000,50,3,0.05,5,0.1,1563.7637221231123,8.843558075717116,0.956,3.24031095765531,21.225975025543985,0.495
343,50,1000,10,3,0.05,5,0.1,447.14963952824473,7.48437936483926,0.965,3.4383568167686462,9.062450057198234,0.998
24,100,1000,50,3,0.05,5,0.1,860.8281880989671,12.456721141732451,0.958,3.5129000479355454,9.531196073836432,0.971
304,30,1000,10,3,0.05,5,0.1,895.9782453477383,10.63700687062158,0.966,3.312480725347996,17.71372057400366,0.473
87,30,1000,50,3,0.05,5,0.1,1339.90220761206,12.687668257057794,0.952,3.3547888537868857,14.506994485179897,0.666
15,100,1000,10,3,0.05,5,0.1,555.467562390957,9.863686726731643,0.97,3.1142301708459854,5.909119880808826,0.998
315,10,1000,10,3,0.05,5,0.1,774.2815233506262,13.17889449236958,0.945,3.1605332233011723,14.834555208530425,0.523
36,200,1000,50,3,0.05,5,0.1,518.6366742360406,13.409773506822036,0.966,3.2599868988618255,7.390722896701166,0.96
96,10,1000,50,3,0.05,5,0.1,3664.5529148601927,12.470832024923032,0.957,3.39061145670712,17.407120591500963,0.412
383,10,1000,30,3,0.05,5,0.1,1643.1409191526473,10.65415844189672,0.936,3.3180988393723965,19.604560623183716,0.505
89,30,1000,50,3,0.05,5,0.1,1294.8083238932304,9.129993962203338,0.941,3.7602083100937302,11.58635726585368,0.826
4,200,1000,30,3,0.05,5,0.1,595.937344240956,14.14079985950081,0.948,3.504054144024849,8.431269060257868,0.944
65,100,1000,50,3,0.05,5,0.1,941.355418688152,11.621229491769585,0.955,3.2670980556868017,12.255387395530596,0.971
46,200,1000,10,3,0.05,5,0.1,498.8000318990089,9.407564447180873,0.956,3.5239715250208974,3.934056375856725,0.998
96,100,1000,10,3,0.05,5,0.1,544.4328176709823,13.286806621535462,0.968,3.5008154311217368,11.345024783806505,0.997
378,50,1000,10,3,0.05,5,0.1,690.6814805045724,13.64401224868429,0.96,3.4049040004611015,10.588211422844944,0.691
320,10,1000,10,3,0.05,5,0.1,976.1878852136432,10.79294385370557,0.954,3.1769801266491413,16.77322474219595,0.591
345,30,1000,10,3,0.05,5,0.1,806.1164879128337,8.728726227244128,0.954,3.190612595528364,16.435003059080795,0.461
394,50,1000,30,3,0.05,5,0.1,1224.368257559836,14.778298938566095,0.966,3.222301185131073,8.039723509205295,0.763
81,50,1000,50,3,0.05,5,0.1,922.1185808428564,9.716453025811134,0.969,3.192675981670618,15.619819346897163,0.712
84,100,1000,30,3,0.05,5,0.1,741.7843998828903,11.819513240267588,0.972,3.24845160683617,8.253537059131485,0.974
302,50,1000,10,3,0.05,5,0.1,470.2329688705504,9.580840592857353,0.946,3.3966715708374977,7.189918408096291,0.986
54,200,1000,30,3,0.05,5,0.1,572.3866407400928,10.834939699654251,0.981,3.5390700004063547,5.754361470211328,0.998
337,50,1000,10,3,0.05,5,0.1,1047.9876448884606,13.361116593126903,0.95,3.309820495545864,9.6663380120478,0.562
370,30,1000,10,3,0.05,5,0.1,673.4532176293433,10.174500893045638,0.954,3.269932519644499,10.238576142828522,0.946
15,200,1000,30,3,0.05,5,0.1,841.0288652121089,9.551812926817355,0.97,2.813309538643807,7.424157192986622,0.997
339,50,1000,10,3,0.05,5,0.1,570.1651381403208,8.201386636827195,0.953,3.60720906034112,8.209972976878237,0.997
361,10,1000,10,3,0.05,5,0.1,1103.1598108522594,10.425683310280256,0.968,3.2771456204354763,19.890582176778818,0.418
4,100,1000,10,3,0.05,5,0.1,673.9595912210643,12.739005724064969,0.944,3.299712799023837,8.47469740964419,0.86
46,100,1000,30,3,0.05,5,0.1,749.2027093828656,9.319474125697798,0.958,3.708458839915693,7.92524778095494,0.997
96,200,1000,30,3,0.05,5,0.1,734.6048244438134,13.288097185956556,0.97,3.395105524919927,11.80536684049969,0.995
324,100,1000,10,3,0.05,5,0.1,914.5863890573382,9.877756800511,0.978,3.380589097738266,6.73166733758079,0.997
354,10,1000,10,3,0.05,5,0.1,1645.9129171930254,8.737169870288808,0.943,3.269785586744547,14.289921542548692,0.514
40,100,1000,10,3,0.05,5,0.1,516.0359188178554,9.991287732539757,0.951,3.302838698029518,5.784629727229393,0.993
21,10,1000,50,3,0.05,5,0.1,3143.1189497089945,12.671290017620445,0.915,3.1484092376194894,16.245682799813213,0.304
90,200,1000,10,3,0.05,5,0.1,450.4731063069776,12.258957067955734,0.95,3.5013611358590424,8.055727007928063,0.998
63,200,1000,50,3,0.05,5,0.1,776.3047784329392,10.43701429583932,0.97,2.8019940312951803,6.232897336007748,0.998
2,100,1000,30,3,0.05,5,0.1,925.3626457080244,13.246156178446611,0.955,3.2438310286961496,12.894877613837362,0.873
397,10,1000,10,3,0.05,5,0.1,714.7512059770525,8.337573644931648,0.958,3.24736125767231,14.891118580847955,0.811
14,10,1000,50,3,0.05,5,0.1,2599.887495969888,10.160540452492096,0.916,3.307403350248933,18.773925176858754,0.516
301,10,1000,30,3,0.05,5,0.1,3025.888763550669,9.639565580926469,0.8,3.1527612023055553,16.4746480910284,0.364
388,30,1000,10,3,0.05,5,0.1,1111.5274422354996,11.398160811476954,0.962,3.4133215248584747,11.804329981766555,0.743
30,100,1000,50,3,0.05,5,0.1,1201.25419405289,11.66956015063568,0.932,4.060677360743284,11.832201549423486,0.589
13,200,1000,10,3,0.05,5,0.1,584.6700132489204,14.974645035784643,0.965,2.809318597894162,8.09074544622244,0.835
42,50,1000,50,3,0.05,5,0.1,867.3869530139491,9.7795695107693,0.955,3.3396637681871653,10.242799229845897,0.943
310,30,1000,30,3,0.05,5,0.1,1472.6603960730135,11.994935389884688,0.963,3.0896553434431553,14.139047841857384,0.702
399,10,1000,10,3,0.05,5,0.1,603.190338626504,8.427763893200785,0.954,3.311449244618416,14.89674268301632,0.856
22,200,1000,50,3,0.05,5,0.1,799.6704336572438,12.38360677825007,0.956,2.7945572449825704,9.227334022287922,0.982
386,30,1000,10,3,0.05,5,0.1,546.8867165856063,8.688758041740627,0.974,3.4034487679600716,8.334166354403536,0.974
357,50,1000,30,3,0.05,5,0.1,1275.2406562007964,10.769414634610373,0.929,3.2596765756607056,9.809034036145738,0.82
2,10,1000,50,3,0.05,5,0.1,7146.362650808878,10.800960173636057,0.854,3.1335339918732643,16.894022183507573,0.347
362,50,1000,30,3,0.05,5,0.1,1674.199513349682,11.423015042680792,0.888,3.436262529343366,15.062337459772255,0.458
82,100,1000,10,3,0.05,5,0.1,520.2915488267317,9.086898143884422,0.958,3.1620410019531846,4.826641199780186,0.997
52,200,1000,10,3,0.05,5,0.1,471.83115805126727,8.512865168067785,0.961,3.5351254381239414,4.348837507406774,0.998
30,30,1000,50,3,0.05,5,0.1,2574.649564493913,13.068128872447888,0.866,3.0490636280737817,16.88210838684025,0.486
71,100,1000,50,3,0.05,5,0.1,2283.813143134117,13.791393195090755,0.954,3.3516607908532023,10.906506113997656,0.656
325,30,1000,30,3,0.05,5,0.1,1597.7841582521796,11.60333753686747,0.931,3.572359338402748,16.922998531924264,0.437
318,50,1000,30,3,0.05,5,0.1,955.3502836152912,8.080986552094119,0.969,3.4276897832751274,12.331592409741148,0.933
340,10,1000,30,3,0.05,5,0.1,2134.362813360989,9.264152195435944,0.948,3.579237811267376,18.528948177933124,0.459
40,200,1000,30,3,0.05,5,0.1,703.8605299200863,10.09762319713952,0.953,3.436677426099777,5.105744429701463,0.998
90,100,1000,30,3,0.05,5,0.1,917.6364868907258,11.360531576838202,0.951,3.6615956639871,7.391720065322827,0.986
2,200,1000,10,3,0.05,5,0.1,493.97295637382194,13.622610560360751,0.953,3.194115989841521,8.13094004651747,0.997
55,10,1000,50,3,0.05,5,0.1,2246.0696445167996,10.089819420021394,0.942,3.5723334439098835,18.078288073507306,0.503
38,50,1000,50,3,0.05,5,0.1,835.8866333598271,9.441593348596063,0.962,3.298999852966517,10.261312724988343,0.948
13,100,1000,30,3,0.05,5,0.1,1187.0887875529006,14.341392373336063,0.96,3.4098552181385458,11.676843561545356,0.839
371,100,1000,10,3,0.05,5,0.1,469.5401968806982,8.73649327539759,0.96,3.3755454756319523,5.0531342491801245,0.997
375,10,1000,30,3,0.05,5,0.1,2953.3496604934335,9.856957957282528,0.925,3.206094555556774,15.664529258542164,0.441
364,30,1000,30,3,0.05,5,0.1,1698.7758216299117,11.040775020509829,0.956,3.5650086775422096,13.76180586268232,0.644
36,50,1000,50,3,0.05,5,0.1,957.2603440829552,12.794877347456731,0.953,3.2604584069922566,9.292671290185991,0.79
71,30,1000,50,3,0.05,5,0.1,5910.501695630141,11.91825968430842,0.918,3.79953826405108,13.44892613118131,0.474
323,50,1000,30,3,0.05,5,0.1,696.1728196926415,9.99144819389351,0.936,3.1751881167292595,9.52274913723497,0.982
82,200,1000,30,3,0.05,5,0.1,744.617454807274,8.788960707722026,0.969,3.5883467150852084,5.661774954217802,0.997
330,100,1000,10,3,0.05,5,0.1,482.204964902252,11.548757472146908,0.962,3.3335211500525475,9.601058460785396,0.996
52,100,1000,30,3,0.05,5,0.1,658.5950518809259,8.057008034627955,0.969,3.5660175178200006,7.922597905574648,0.998
316,50,1000,30,3,0.05,5,0.1,853.9755414091051,8.085781372956875,0.972,3.359289139509201,9.439110440907442,0.965
351,30,1000,30,3,0.05,5,0.1,962.3747962005436,7.099138880710649,0.964,3.404981531202793,15.29550739541706,0.81
380,50,1000,10,3,0.05,5,0.1,622.9274896234274,11.123684884752,0.964,3.524031452834606,9.945681918361016,0.934
12,100,1000,10,3,0.05,5,0.1,506.12188811413944,9.70931747818837,0.964,3.374106789007783,6.606825540668795,0.998
365,10,1000,10,3,0.05,5,0.1,601.3657432943583,9.130624046185744,0.945,3.193862311542034,17.6795452206404,0.678
31,200,1000,50,3,0.05,5,0.1,531.963330973871,9.923561180744816,0.963,3.5410320456139743,5.19660768547676,0.996
308,50,1000,10,3,0.05,5,0.1,902.5102892927824,11.604829321102017,0.961,3.2599267326295376,10.145012778044864,0.967
350,10,1000,10,3,0.05,5,0.1,864.922305047512,12.972648677624594,0.959,3.2148876935243607,14.55180838749672,0.638
62,100,1000,50,3,0.05,5,0.1,946.0527682979592,12.560276940568208,0.977,3.265015821903944,13.28040464176672,0.906
41,200,1000,10,3,0.05,5,0.1,629.1138698821887,9.158227108774268,0.948,2.8011326040141284,4.791339203024041,0.998
91,100,1000,10,3,0.05,5,0.1,623.3200434669852,10.905574014462807,0.969,3.4833444450050592,9.244535629471082,0.982
3,200,1000,30,3,0.05,5,0.1,741.1450889771804,10.193526762654503,0.974,2.900669990107417,5.74658422744989,0.912
85,50,1000,50,3,0.05,5,0.1,1089.856231031008,10.21636639241831,0.968,3.244271782692522,9.889834563762472,0.826
70,200,1000,50,3,0.05,5,0.1,610.3626550920308,9.662080413330155,0.97,2.826822231989354,5.39068168609964,0.997
83,200,1000,10,3,0.05,5,0.1,648.7501570680179,11.007291213828614,0.897,3.1069067660719156,6.486583949688477,0.804
53,100,1000,10,3,0.05,5,0.1,523.6144749200903,12.540818105605748,0.978,3.279105622787029,6.174151647869889,0.854
306,50,1000,10,3,0.05,5,0.1,493.0004596486688,10.899371233380409,0.941,3.197798006236553,8.042909646607146,0.966
341,30,1000,10,3,0.05,5,0.1,659.6257236711681,9.381373965531658,0.971,3.207769490778446,10.309660622236992,0.942
390,50,1000,30,3,0.05,5,0.1,1042.5069763213396,10.468859649336984,0.957,3.329544246196747,14.10907506479324,0.492
23,100,1000,50,3,0.05,5,0.1,1206.2434675069526,10.288955305520904,0.945,3.554959191940725,7.3003409757202835,0.9
374,30,1000,10,3,0.05,5,0.1,475.3440673276782,7.114376442784334,0.974,3.2837184630334377,9.489655744565656,0.993
333,50,1000,10,3,0.05,5,0.1,527.2886598743498,11.924018703703403,0.957,3.6134128011763096,12.689191986908073,0.939
387,10,1000,30,3,0.05,5,0.1,2316.900593034923,11.310822756908747,0.94,3.3408320359885693,18.1908510089602,0.398
349,50,1000,10,3,0.05,5,0.1,614.0102053433657,10.5216618084773,0.962,3.718447964638472,8.79043979719062,0.92
311,10,1000,10,3,0.05,5,0.1,1767.851115040481,13.543776657661384,0.927,3.391383070498705,16.718718760147866,0.225
398,30,1000,30,3,0.05,5,0.1,962.9502295292914,7.9596099857970115,0.975,3.306765627115965,12.083421833959466,0.928
92,10,1000,50,3,0.05,5,0.1,3139.403465582989,14.587523286480678,0.886,3.418510925024748,14.509430891314626,0.273
12,200,1000,30,3,0.05,5,0.1,777.1445751511492,9.386141668152735,0.971,3.25744362315163,5.770917950799965,0.995
324,10,1000,10,3,0.05,5,0.1,742.039535112679,9.009189523494376,0.977,3.2823907546699047,17.902128879972135,0.673
41,100,1000,30,3,0.05,5,0.1,808.4996376591735,9.507197542257876,0.957,3.637468528002501,7.393686189679904,0.972
91,200,1000,30,3,0.05,5,0.1,558.5842804000713,10.547620781614468,0.961,3.7698036758229136,5.701195590061967,0.981
323,100,1000,10,3,0.05,5,0.1,398.4917868338526,9.86172563449667,0.942,3.377751976251602,5.778200342088463,0.998
3,100,1000,10,3,0.05,5,0.1,570.5664242901839,11.31158969341096,0.973,4.152284930925816,6.175765100983799,0.959
83,100,1000,30,3,0.05,5,0.1,1348.9110699379817,11.005159910953848,0.901,3.33354465989396,10.661950451427566,0.708
372,50,1000,10,3,0.05,5,0.1,543.0811022818089,6.9208068040339885,0.97,3.920356720685959,8.095368956103156,0.982
53,200,1000,30,3,0.05,5,0.1,637.8245864151977,12.091854286410364,0.981,3.4805504232645035,5.345375144356273,0.904
335,30,1000,10,3,0.05,5,0.1,488.59282870590687,9.347594213086502,0.943,3.465853612869978,9.235141847895664,0.963
389,10,1000,30,3,0.05,5,0.1,1140.690886899829,9.237921203733285,0.95,3.1579081304371357,19.954290496126134,0.563
362,100,1000,10,3,0.05,5,0.1,830.7645368091762,13.023297102016748,0.909,2.7544476091861725,8.43424376407673,0.896
83,30,1000,50,3,0.05,5,0.1,5972.099192177877,9.90768758318266,0.813,3.5243334090337157,16.405300110632446,0.342
396,30,1000,30,3,0.05,5,0.1,2047.1289496421816,9.984490601897605,0.936,3.2097376473248005,16.201827863139872,0.436
347,50,1000,10,3,0.05,5,0.1,501.17241202294827,11.5236213241528,0.964,3.1814035438001156,7.57466766900899,0.965
327,50,1000,30,3,0.05,5,0.1,1178.139414217323,7.618900704923255,0.96,3.314435977488756,9.541587280194014,0.962
75,30,1000,50,3,0.05,5,0.1,1774.1896994896233,12.102356176630373,0.962,3.926243399269879,16.413878810670084,0.3
25,200,1000,50,3,0.05,5,0.1,751.3952039340511,7.943231992662998,0.953,2.80271705891937,6.015239741161663,0.998
32,50,1000,50,3,0.05,5,0.1,984.625141298864,7.873106217187722,0.976,3.413848056923598,10.650201271729568,0.975
360,30,1000,30,3,0.05,5,0.1,1129.70073916018,10.587304121331565,0.964,3.39572024717927,13.598242088556386,0.545
355,30,1000,30,3,0.05,5,0.1,2158.857027772814,10.223026431356727,0.94,3.621187634766102,14.368701576649103,0.566
384,50,1000,10,3,0.05,5,0.1,528.5809218324721,9.929420816460116,0.964,3.2997485399246216,7.552435071928257,0.953
312,50,1000,30,3,0.05,5,0.1,866.0662208795547,9.407906990272515,0.968,3.305958241224289,9.457202538467689,0.972
85,100,1000,10,3,0.05,5,0.1,641.610409504734,10.904906646068024,0.968,3.426431501749903,5.74855115489182,0.988
55,200,1000,10,3,0.05,5,0.1,466.9977675443515,9.992237823338352,0.964,3.5860333498567343,4.248140898333371,0.998
40,30,1000,50,3,0.05,5,0.1,989.4639784777536,9.311590047147618,0.949,3.3933211560361087,12.12057572321959,0.855
76,100,1000,50,3,0.05,5,0.1,835.1916586952284,11.43825573654467,0.96,3.482116045895964,9.735957292851962,0.98
5,100,1000,30,3,0.05,5,0.1,571.5376289729029,9.20429382960792,0.961,3.3251840444281697,9.165007687294578,0.993
47,100,1000,10,3,0.05,5,0.1,526.9867550381459,7.095925527265911,0.967,3.407211835961789,8.119246261953933,0.998
51,10,1000,50,3,0.05,5,0.1,1522.360231807921,10.921303869964628,0.91,3.3441783487796783,18.742955874211496,0.544
97,200,1000,10,3,0.05,5,0.1,496.92931193113327,11.621424859250698,0.975,3.3853446119464934,4.041221564453164,0.911
64,200,1000,50,3,0.05,5,0.1,768.1698493799195,10.061694577621488,0.966,2.782566975802183,6.758885094718252,0.969
344,10,1000,30,3,0.05,5,0.1,1340.3699941188097,9.134137936441244,0.953,3.2511717826128006,18.507390417966285,0.568
100,10,1000,50,3,0.05,5,0.1,1509.362003736198,7.720660141750497,0.969,3.3679574388079345,21.93073978929104,0.601
37,100,1000,50,3,0.05,5,0.1,948.8534166142344,13.862460820995226,0.957,3.3756562317721546,8.022535247662264,0.845
14,200,1000,10,3,0.05,5,0.1,604.6378252441064,9.705190899990544,0.961,3.5276411320082843,4.383214082162731,0.998
329,50,1000,30,3,0.05,5,0.1,2289.247008472681,13.923496633785907,0.904,3.1566799134016037,10.76370652534128,0.358
371,10,1000,30,3,0.05,5,0.1,2018.2766128703952,10.92620746559592,0.922,3.10402886942029,18.107943663898887,0.5
382,30,1000,10,3,0.05,5,0.1,681.5624577887356,13.879734475862737,0.949,3.268409390002489,9.01523039728459,0.868
6,10,1000,50,3,0.05,5,0.1,2048.196177701931,9.555782696103485,0.937,3.2545685186050832,17.989983304365133,0.384
353,50,1000,30,3,0.05,5,0.1,760.1856800951064,8.441127717565948,0.952,3.6498253270983696,10.30708690312082,0.989
314,30,1000,30,3,0.05,5,0.1,1284.6517673805356,14.920808770125866,0.973,3.5522081181406975,18.19282564115031,0.219
46,50,1000,50,3,0.05,5,0.1,977.696676958818,9.37659890655677,0.96,3.5052949702367187,10.583434813535623,0.953
321,30,1000,30,3,0.05,5,0.1,9306.970040287822,12.487809183282502,0.369,3.2646718323230743,14.557144301618589,0.537
73,50,1000,50,3,0.05,5,0.1,828.9008259540424,7.2247073551583885,0.965,3.372100366745144,10.166247965311191,0.968
34,30,1000,50,3,0.05,5,0.1,2026.450880901888,11.476240114798722,0.954,3.52231350634247,11.962588543564204,0.587
366,50,1000,30,3,0.05,5,0.1,1182.8934902064502,11.406603869967268,0.952,3.4123274199664593,8.45880140959086,0.855
85,200,1000,30,3,0.05,5,0.1,795.0332233519293,10.980599610162512,0.974,2.817531242966652,5.652052109970549,0.993
337,100,1000,10,3,0.05,5,0.1,882.5193932540715,15.839250127703972,0.966,3.324252460151911,5.9444173202133825,0.696
55,100,1000,30,3,0.05,5,0.1,669.4331950661726,10.207598307099907,0.965,3.6460327338427305,7.101352403743827,0.994
5,200,1000,10,3,0.05,5,0.1,482.4934326200746,9.59401810210507,0.959,3.7319588507525623,6.27206004083592,0.998
25,10,1000,50,3,0.05,5,0.1,1317.645293685142,8.684237421298487,0.941,3.3101017642766237,18.183804930758715,0.66
47,200,1000,30,3,0.05,5,0.1,677.3816444189288,6.81784470684945,0.968,3.4152111341245472,6.936619159027092,0.998
97,100,1000,30,3,0.05,5,0.1,944.5561484661883,11.738835709238783,0.969,3.356813441030681,9.314136360084374,0.943
368,50,1000,30,3,0.05,5,0.1,724.9420830085874,6.899109650538343,0.975,2.7948159761726856,10.933177004451885,0.928
14,100,1000,30,3,0.05,5,0.1,783.4580541658215,9.913265660858228,0.96,3.4882954391650856,7.02276487589036,0.985
8,10,1000,50,3,0.05,5,0.1,1709.3843432040885,8.499001541316991,0.956,3.394094403833151,19.24568000923183,0.535
305,10,1000,30,3,0.05,5,0.1,1126.8998672440648,8.25484863592291,0.956,3.316631358116865,17.659725338426245,0.678
393,10,1000,10,3,0.05,5,0.1,1482.1222889497876,10.671703246044132,0.943,3.324997592717409,14.862116285436242,0.575
10,10,1000,50,3,0.05,5,0.1,1872.479725143872,7.456029764520923,0.965,3.2244091322645545,17.210653308930805,0.529
48,50,1000,50,3,0.05,5,0.1,774.7903393758461,10.285714612852004,0.952,3.5613249968737364,9.639919621078304,0.961
59,30,1000,30,3,0.05,5,0.1,957.1143726338632,10.59917346705299,0.945,3.105274945963174,13.97102817936941,0.835
353,10,1000,50,3,0.05,5,0.1,1412.527448747307,9.97794530729226,0.934,3.36532748490572,20.7165539861176,0.573
6,50,1000,30,3,0.05,5,0.1,1083.771151871886,10.026485180515262,0.97,3.066451406106353,8.366166801296027,0.933
88,50,1000,10,3,0.05,5,0.1,1269.2778035993688,17.65049537554864,0.96,3.195295036304742,9.222325276410258,0.709
46,10,1000,30,3,0.05,5,0.1,1521.254505362827,9.43522317964274,0.938,3.3106504129245877,19.721862134903223,0.484
73,10,1000,30,3,0.05,5,0.1,1414.05445744982,7.7771181665821665,0.966,3.1962727294303477,20.93832770362177,0.448
379,30,1000,50,3,0.05,5,0.1,1213.0475718453526,12.261584536979392,0.932,3.305464666336775,13.529634542123617,0.785
9,200,1000,50,3,0.05,5,0.1,898.9142088769004,13.89870674188486,0.965,2.847095910925418,8.348033362286728,0.969
366,10,1000,50,3,0.05,5,0.1,1616.1556185372174,11.37711575561743,0.937,3.2387518659234047,18.557684921345704,0.321
68,100,1000,30,3,0.05,5,0.1,1025.603596052155,12.910493639126196,0.964,3.475238860119134,7.33217963727146,0.861
25,50,1000,30,3,0.05,5,0.1,1012.9178515877576,7.439275101053496,0.968,3.2951826080679893,9.990946267777062,0.994
377,30,1000,50,3,0.05,5,0.1,1126.5246789380908,9.342675555128851,0.952,3.01874365657568,11.634943763063903,0.722
62,30,1000,30,3,0.05,5,0.1,1014.5657728100196,12.213933588236609,0.976,3.498892745003104,15.35792760890757,0.599
368,10,1000,50,3,0.05,5,0.1,2480.958980679512,9.27288430661481,0.97,3.514786794781685,17.272283827462033,0.546
29,100,1000,30,3,0.05,5,0.1,796.948657752946,9.274028653867994,0.959,3.3092955290339887,7.910296155119258,0.994
86,50,1000,10,3,0.05,5,0.1,520.5618884428404,11.299826653333913,0.977,3.1720701809972525,7.2100879355582626,0.99
305,50,1000,50,3,0.05,5,0.1,1046.991535719484,7.1815527903064,0.967,3.9278770573437214,10.646770432378055,0.979
57,30,1000,30,3,0.05,5,0.1,920.5752258319408,11.001366445910191,0.959,3.625418137293309,15.505788199262202,0.744
8,50,1000,30,3,0.05,5,0.1,952.7318460820244,8.564772979042052,0.978,3.372580328024924,8.783646243520773,0.926
48,10,1000,30,3,0.05,5,0.1,1434.898394819349,9.165284626286802,0.948,3.218320186715573,17.976973667730352,0.464
10,50,1000,30,3,0.05,5,0.1,992.1910447948612,7.554977178182182,0.977,3.1424199398607016,8.568774020673132,0.978
342,30,1000,50,3,0.05,5,0.1,1350.929587353021,11.835774110416011,0.938,3.452407032251358,16.976696897496723,0.748
18,200,1000,50,3,0.05,5,0.1,974.8318386906758,11.578939295113104,0.947,3.5035401391796768,7.526870365230789,0.968
32,10,1000,30,3,0.05,5,0.1,1425.6076444000937,7.790131725949981,0.968,3.189793197903782,19.8277431532025,0.489
338,30,1000,50,3,0.05,5,0.1,1631.5999531559646,14.270937273431226,0.926,3.3610787354409695,14.107574904653529,0.403
18,30,1000,30,3,0.05,5,0.1,1278.895800715778,10.06079699321402,0.927,3.380699190776795,16.176793603675794,0.546
312,10,1000,50,3,0.05,5,0.1,2409.4575362354517,8.921459675457823,0.945,3.1454066708683968,17.824035025973643,0.505
68,200,1000,10,3,0.05,5,0.1,558.9449990340509,13.35078714481856,0.97,3.516223871614784,5.419860833488567,0.775
91,10,1000,10,3,0.05,5,0.1,1264.2756189946083,10.01605652966426,0.926,3.458615771960467,14.732412915578983,0.501
303,30,1000,50,3,0.05,5,0.1,1977.513698939234,11.65518976324729,0.94,3.5400706082582474,12.996755457697256,0.57
51,50,1000,30,3,0.05,5,0.1,983.3197193276136,10.031285011889326,0.954,3.1616880181245506,10.044723937324443,0.974
59,200,1000,50,3,0.05,5,0.1,635.7316609746777,10.747026655164468,0.951,2.812771619297564,8.309985330319757,0.997
89,100,1000,50,3,0.05,5,0.1,744.1296929959208,9.649764161256748,0.975,3.4172037467360497,7.091520582355098,0.978
80,30,1000,10,3,0.05,5,0.1,494.769820951391,8.324487794242712,0.949,3.552645626012236,8.195821905284305,0.985
100,50,1000,30,3,0.05,5,0.1,900.7032765666954,6.477508171003539,0.978,3.365309968125075,11.85815218458402,0.967
16,30,1000,30,3,0.05,5,0.1,1500.3117034146562,11.108806082118678,0.93,3.2325474061071873,12.955014085567884,0.645
344,50,1000,50,3,0.05,5,0.1,983.3230684623122,8.261993842150703,0.973,3.3841780722141266,9.114824259879066,0.962
23,30,1000,30,3,0.05,5,0.1,1400.4319281978533,10.821462860268078,0.942,3.574433969799429,13.62727023730372,0.725
371,50,1000,50,3,0.05,5,0.1,720.7899168357253,7.601052798528037,0.942,3.139111779630184,10.425948515103244,0.955
29,200,1000,10,3,0.05,5,0.1,600.5943078007549,9.40202709073041,0.946,3.343249876052141,3.5979018077407545,0.998
64,50,1000,30,3,0.05,5,0.1,897.9403074258007,9.989225183218004,0.965,3.307050947099924,8.875906568139994,0.904
92,50,1000,30,3,0.05,5,0.1,1511.24502021214,15.422132466837008,0.948,3.3701150282286108,12.571696327694864,0.423
43,30,1000,10,3,0.05,5,0.1,743.716753473971,9.79305659708929,0.968,3.3700761501677334,10.032181252895088,0.95
76,30,1000,10,3,0.05,5,0.1,639.1640101321973,11.634912811007531,0.953,3.421074566897005,8.734255773900733,0.934
69,10,1000,10,3,0.05,5,0.1,586.4815934719518,6.99125038830371,0.972,3.326423549093306,14.088620285563303,0.879
31,50,1000,10,3,0.05,5,0.1,609.3479792368598,10.101646541587897,0.971,3.1637734016403556,7.862398385947346,0.993
78,30,1000,10,3,0.05,5,0.1,705.8233226328157,13.595469617383356,0.965,3.386758006643504,11.363438520010964,0.89
67,10,1000,10,3,0.05,5,0.1,638.2451990968548,9.421685218193629,0.96,3.264082753099501,16.540588641147423,0.765
389,50,1000,50,3,0.05,5,0.1,993.5607634484768,8.412091902042974,0.958,3.342757258564234,11.629343269628023,0.972
52,10,1000,10,3,0.05,5,0.1,658.7388461688533,8.508320750697408,0.958,3.2162028178572655,16.331006440844686,0.709
28,10,1000,10,3,0.05,5,0.1,788.3658927357756,8.798537088234214,0.956,3.168504213914275,17.961391662926847,0.531
70,50,1000,10,3,0.05,5,0.1,471.2162115438841,10.3856064612096,0.953,3.3891981430351734,7.216168596320922,0.991
37,30,1000,10,3,0.05,5,0.1,823.8037324459292,13.077555047203704,0.96,3.2386411260813475,9.4725178507231,0.82
381,30,1000,50,3,0.05,5,0.1,2671.83684958145,11.047363151756375,0.832,3.095753077417612,14.4867422140604,0.418
5,10,1000,10,3,0.05,5,0.1,670.4771729242057,8.975437591233865,0.953,3.232342567294836,15.138300336087928,0.804
45,50,1000,10,3,0.05,5,0.1,1167.809920529835,12.960940815262797,0.927,3.14632659079507,10.329525099256514,0.684
94,30,1000,30,3,0.05,5,0.1,987.5996965807864,9.552134545774654,0.952,3.4696107390336692,11.011416068661406,0.818
85,10,1000,30,3,0.05,5,0.1,2161.7778074531816,11.207820232640124,0.865,3.2843906432390213,15.734609088383724,0.573
390,10,1000,50,3,0.05,5,0.1,4598.027672607452,10.30428585800854,0.83,3.23225649446249,16.083366908373428,0.368
13,10,1000,10,3,0.05,5,0.1,2579.7755286702886,10.06977924828012,0.884,3.1845211759209633,16.93760047744827,0.444
26,10,1000,10,3,0.05,5,0.1,651.729345401749,7.630487757957363,0.96,3.314531099051237,14.862434745716811,0.877
39,30,1000,10,3,0.05,5,0.1,812.8133413409814,12.504086126851105,0.958,3.4614238748326898,8.69425652056414,0.837
44,50,1000,10,3,0.05,5,0.1,644.0369413811713,9.355706089114197,0.969,3.4312328998930752,7.862171794892023,0.997
95,30,1000,30,3,0.05,5,0.1,1185.6353338020854,10.311406793544956,0.972,3.1877922723069787,9.30135718478743,0.784
380,30,1000,50,3,0.05,5,0.1,1325.2738028392196,8.768654977129508,0.966,3.067915443331003,14.244321558230272,0.675
4,10,1000,10,3,0.05,5,0.1,1222.4643239993602,13.623345526434983,0.926,3.3569885939359665,12.282109253514452,0.6
36,30,1000,10,3,0.05,5,0.1,785.2574122999795,12.355365239172288,0.962,3.3524946267716587,13.725086322493231,0.546
78,100,1000,30,3,0.05,5,0.1,979.5393018019386,13.17484752858391,0.974,3.8467954439111054,9.430963200791837,0.87
71,50,1000,10,3,0.05,5,0.1,954.6207578931936,14.864790249239867,0.924,3.6203803182579577,10.836175288301826,0.717
29,10,1000,10,3,0.05,5,0.1,927.856946092099,8.809049239199448,0.953,3.3404883281327784,15.412326658438303,0.673
38,30,1000,10,3,0.05,5,0.1,674.558885671664,9.334230825574306,0.951,3.2936263871379197,10.661559300660256,0.952
27,10,1000,10,3,0.05,5,0.1,679.4441059571691,9.98225023767828,0.967,3.1929115098901093,16.01063904344445,0.698
39,100,1000,30,3,0.05,5,0.1,844.0455243759789,12.216001729225166,0.954,3.45785765722394,9.725020435112544,0.901
12,10,1000,10,3,0.05,5,0.1,704.1663134130649,9.207122798075162,0.958,3.319618114735931,16.190332978335995,0.711
84,10,1000,30,3,0.05,5,0.1,1743.939305887092,9.70280828642568,0.963,3.3009633547626436,17.802493655075626,0.423
30,50,1000,10,3,0.05,5,0.1,1020.201220630668,11.694126029797587,0.931,3.48909778194502,14.776927410256192,0.515
68,10,1000,10,3,0.05,5,0.1,1358.5945822643116,11.44981861428358,0.963,3.415169822052121,15.361866289464269,0.495
77,30,1000,10,3,0.05,5,0.1,1001.6501241168008,12.079456022447967,0.927,3.306630372069776,12.132997626783132,0.597
93,50,1000,30,3,0.05,5,0.1,948.26508538099,12.395711630324344,0.955,3.761657191906125,15.609749023276992,0.841
42,30,1000,10,3,0.05,5,0.1,442.73360801301897,9.45248567183653,0.958,3.25505732325837,8.178476294400761,0.961
78,200,1000,10,3,0.05,5,0.1,558.6547773210332,14.32661503659586,0.972,3.7870592926628888,6.986292580611778,0.983
386,50,1000,50,3,0.05,5,0.1,1059.227769691497,8.73119306636083,0.974,3.480888944119215,10.236253426406316,0.928
49,200,1000,50,3,0.05,5,0.1,755.7340053715743,8.646999173431807,0.973,3.733789508230984,7.609515567890111,0.998
99,100,1000,50,3,0.05,5,0.1,787.5649695238099,12.404989434977026,0.959,3.4425115599296987,11.020641210686604,0.8
53,10,1000,10,3,0.05,5,0.1,865.557841623202,10.37224668379945,0.942,3.3377919290214777,17.85914547234374,0.404
66,10,1000,10,3,0.05,5,0.1,1979.594101989176,11.59376631770532,0.926,3.24222299689427,13.59320460061728,0.427
39,200,1000,10,3,0.05,5,0.1,549.9584054816514,14.156307070849758,0.949,3.343791143968702,10.94988161377274,0.936
79,30,1000,10,3,0.05,5,0.1,677.168132990133,10.17788983238474,0.946,3.6827504551038146,10.720192128351746,0.87
313,10,1000,50,3,0.05,5,0.1,2353.3024041242898,10.427679398464102,0.925,3.2303042970597744,16.250352403193197,0.557
19,30,1000,30,3,0.05,5,0.1,1394.9654034017583,10.307274548921434,0.963,3.54092021100223,15.061816163145188,0.686
90,10,1000,10,3,0.05,5,0.1,988.5484035420232,11.371776676442131,0.929,3.251679597888142,16.26876595313983,0.591
1,30,1000,30,3,0.05,5,0.1,871.2600245908834,8.777070559469786,0.976,3.1262680208310485,11.815273396640148,0.957
339,30,1000,50,3,0.05,5,0.1,877.6858624517918,8.467774121724096,0.947,3.394154530018568,14.93598878637856,0.838
33,10,1000,30,3,0.05,5,0.1,994.0315820979886,8.864702593523576,0.955,3.4062268580310047,19.73280031206284,0.475
326,10,1000,50,3,0.05,5,0.1,1868.1838302873075,9.332833955555378,0.95,3.229998104274273,18.26351024417302,0.594
337,30,1000,50,3,0.05,5,0.1,1900.1135748401284,15.00292625558898,0.941,3.2481528222560883,13.239315532433793,0.436
65,50,1000,30,3,0.05,5,0.1,836.3018304742873,11.58192155896831,0.978,3.392037184908986,15.33110439199576,0.862
22,30,1000,30,3,0.05,5,0.1,1055.0932771773078,11.619174941051842,0.928,3.2088837730698287,13.595089263784374,0.782
370,50,1000,50,3,0.05,5,0.1,846.3907719217241,9.831659287385214,0.947,3.4082875661551952,10.239815116998964,0.937
17,30,1000,30,3,0.05,5,0.1,2491.934348116163,11.639183504665256,0.903,3.4065386736765504,13.51507663666534,0.387
345,50,1000,50,3,0.05,5,0.1,940.3989195860922,9.852186692540675,0.961,3.4240078404545784,11.366491465125655,0.838
302,30,1000,50,3,0.05,5,0.1,835.8008720390499,9.65110382184095,0.95,3.4521550871431828,12.279050432544787,0.829
50,50,1000,30,3,0.05,5,0.1,1288.6948753371837,12.249917330022082,0.945,3.455291065853089,10.37477664080768,0.77
81,30,1000,10,3,0.05,5,0.1,650.1246340796351,10.068379142210796,0.974,3.470986232161522,12.849545516035436,0.944
367,10,1000,50,3,0.05,5,0.1,3633.1308553926647,12.26016589276554,0.846,3.3348828218877316,15.75625216774412,0.337
378,30,1000,50,3,0.05,5,0.1,3855.486704159528,11.228909561489838,0.925,3.2596711851656437,11.217740819140202,0.527
72,10,1000,30,3,0.05,5,0.1,1927.053584315814,8.873798228335035,0.947,3.3730364302173257,22.46251321362728,0.442
47,10,1000,30,3,0.05,5,0.1,1739.779399828985,7.70163522723485,0.966,3.167633668985218,23.033513624614898,0.509
352,10,1000,50,3,0.05,5,0.1,1676.8242287039757,10.074510206065426,0.97,3.1704962737858295,18.06229557835869,0.505
7,50,1000,30,3,0.05,5,0.1,932.9752791938372,11.480528697514831,0.956,3.0951673788949847,8.359005386450859,0.959
58,30,1000,30,3,0.05,5,0.1,1191.4298884971067,11.728845200666422,0.953,3.4027641639113426,14.503575415292351,0.437
89,50,1000,10,3,0.05,5,0.1,523.2273496249691,9.389584498266094,0.966,3.3441511588171124,8.291748723885963,0.971
11,50,1000,30,3,0.05,5,0.1,910.4473268096336,12.15529685845324,0.974,3.4636669331230223,10.219916036287772,0.805
343,30,1000,50,3,0.05,5,0.1,1063.6636349372566,7.912947371619105,0.954,3.4554791636765003,13.64228770811263,0.941
49,10,1000,30,3,0.05,5,0.1,1234.755922181066,8.786397719513408,0.953,3.17553128907457,21.17210732057115,0.554
87,50,1000,10,3,0.05,5,0.1,500.8549776868894,12.50881152589242,0.956,3.513472331687808,6.647891237849849,0.857
9,50,1000,30,3,0.05,5,0.1,1219.04303892795,13.185416397561138,0.959,3.4275615410879254,11.177563701943658,0.665
304,50,1000,50,3,0.05,5,0.1,901.920070696622,12.534937254998598,0.968,3.174687296152115,11.507615615781852,0.922
56,30,1000,30,3,0.05,5,0.1,11782.394893435296,12.349456358489878,0.823,3.5849956991150975,10.818729163094243,0.538
369,10,1000,50,3,0.05,5,0.1,2341.312240034342,9.197599138297292,0.95,3.3925848826766014,15.825575919955462,0.543
63,30,1000,30,3,0.05,5,0.1,911.4304932318628,9.761375041003364,0.963,3.561319672036916,15.71960482831275,0.542
24,50,1000,30,3,0.05,5,0.1,929.6001603039912,11.870916405869822,0.958,3.7952188700437546,8.234665638409478,0.909
376,30,1000,50,3,0.05,5,0.1,976.9475296884776,11.237809962955264,0.941,3.1579689644277096,14.953902698576035,0.588
35,30,1000,50,3,0.05,5,0.1,1244.0077266469598,12.956154095410213,0.973,3.188335611950606,13.810542238951356,0.595
367,50,1000,30,3,0.05,5,0.1,957.5811456181108,14.739505323904366,0.965,3.4809353426098824,10.627112571703742,0.855
21,200,1000,50,3,0.05,5,0.1,1136.5354946060106,14.28846107009942,0.952,3.585333980154246,11.418964460059064,0.981
320,30,1000,30,3,0.05,5,0.1,998.0886293463408,11.352176291087696,0.961,3.4361049495637417,11.520161845288875,0.848
315,30,1000,30,3,0.05,5,0.1,1596.677774399519,12.84665246906953,0.951,3.5319884419441223,16.276030813406383,0.488
47,50,1000,50,3,0.05,5,0.1,946.3057107897476,7.574904255011484,0.964,3.550738944206387,10.965834112525194,0.993
383,30,1000,10,3,0.05,5,0.1,761.1847299709916,10.42715876049838,0.957,3.608418084681034,12.088168760948598,0.845
72,100,1000,50,3,0.05,5,0.1,857.3794260197319,7.097796859581225,0.97,3.4314744570292532,8.290732358179486,0.996
7,10,1000,50,3,0.05,5,0.1,1696.4542228863577,11.48878695127796,0.945,3.2095365622080863,18.082382594975737,0.359
51,200,1000,10,3,0.05,5,0.1,498.92012342158705,10.06425543577,0.952,3.502162517979741,4.366221670888211,0.997
81,100,1000,10,3,0.05,5,0.1,537.7814590353519,9.89040322658733,0.973,3.4167423848994076,9.483706590756906,0.998
352,50,1000,30,3,0.05,5,0.1,791.0526977293193,11.027013474725244,0.982,3.773388534784317,8.23663792827543,0.952
1,100,1000,30,3,0.05,5,0.1,690.7496637529694,9.975371281746488,0.978,3.271323316730559,9.821224500702453,0.989
392,10,1000,10,3,0.05,5,0.1,1260.6917985342443,11.514932360436992,0.936,3.2597275339066982,16.307336312818688,0.397
49,50,1000,50,3,0.05,5,0.1,752.687886885833,8.558257030527416,0.968,3.788098096847534,10.2169483736074,0.991
60,200,1000,50,3,0.05,5,0.1,578.467689963989,8.974627568496636,0.968,2.804784473963082,7.865334020190771,0.991
93,200,1000,10,3,0.05,5,0.1,488.955541820731,13.348777357193732,0.955,3.501457119826227,8.134974223041702,0.998
11,10,1000,50,3,0.05,5,0.1,2158.3082702350803,12.18866736007496,0.949,3.3892153752967715,17.025608108686846,0.477
43,100,1000,10,3,0.05,5,0.1,631.965302569326,9.09566442454319,0.956,3.300205343868583,5.50363639212776,0.984
304,10,1000,30,3,0.05,5,0.1,1941.8509398028257,12.013959182955032,0.954,3.493833113461733,18.855450081100997,0.478
9,10,1000,50,3,0.05,5,0.1,2391.1582829700783,13.495244452932376,0.911,3.309257955290377,17.426541063094575,0.384
10,200,1000,10,3,0.05,5,0.1,480.65456158388406,7.379376379646396,0.985,3.377337188925594,4.9042309250150655,0.998
33,100,1000,50,3,0.05,5,0.1,652.8409002819099,8.405602694907415,0.957,3.3890885580331087,6.716235863490226,0.99
369,50,1000,30,3,0.05,5,0.1,971.3991685323416,9.10735138589644,0.965,3.4000340662896633,12.70139764426081,0.804
24,10,1000,50,3,0.05,5,0.1,2466.3151911110617,10.238246568980037,0.823,3.1520044561475515,15.28061520159486,0.401
313,50,1000,30,3,0.05,5,0.1,963.574877206236,12.015322162584878,0.958,3.5303343795239925,16.07301305789308,0.759
354,30,1000,30,3,0.05,5,0.1,1516.300365395844,8.43079331537821,0.955,3.5273619294166565,15.044530340750663,0.575
385,50,1000,10,3,0.05,5,0.1,534.5794245637953,9.065181792916588,0.979,3.259880591183901,6.519711926393297,0.986
33,50,1000,50,3,0.05,5,0.1,951.6271535297856,8.983333091984864,0.956,3.208267998881638,9.66891144930266,0.937
361,30,1000,30,3,0.05,5,0.1,1332.4676318131387,12.303513876068516,0.924,3.07918569073081,14.357440198458368,0.592
326,50,1000,30,3,0.05,5,0.1,993.44800414145,8.442031865904102,0.972,3.3640400916337967,10.491185846148468,0.988
74,30,1000,50,3,0.05,5,0.1,1324.548653846141,13.80260072248479,0.951,3.365784710273146,11.547515307671103,0.598
51,100,1000,30,3,0.05,5,0.1,645.6471164720133,9.961429916002237,0.959,3.607370178680867,7.201250051641776,0.975
333,100,1000,10,3,0.05,5,0.1,543.4668062105775,11.912178472740834,0.96,3.406739227473736,9.97609486305594,0.99
81,200,1000,30,3,0.05,5,0.1,572.0696092019789,9.718715244673229,0.974,3.5466633080504835,7.673699900500948,0.998
65,10,1000,50,3,0.05,5,0.1,2475.7819441230968,11.131310805683682,0.943,3.295112187974155,16.846518948195964,0.518
1,200,1000,10,3,0.05,5,0.1,554.7931517059915,9.82030227956988,0.978,3.6154654608108103,6.438112026560922,0.998
93,100,1000,30,3,0.05,5,0.1,676.6519818557426,12.951017972978578,0.953,3.274448048323393,9.80433325511484,0.97
43,200,1000,30,3,0.05,5,0.1,593.6647147242911,9.632294101179838,0.952,3.389211709145457,5.60069414113071,0.997
370,10,1000,30,3,0.05,5,0.1,1225.2307495325804,10.518654418276835,0.931,3.2355503626167774,17.494751812878352,0.483
328,50,1000,30,3,0.05,5,0.1,878.8358391188085,10.850269214523903,0.974,3.323716629296541,10.135857448201552,0.906
345,10,1000,30,3,0.05,5,0.1,1736.346401296556,10.04396764271428,0.911,3.2733792662620544,16.99440157721184,0.384
10,100,1000,30,3,0.05,5,0.1,805.4148867307231,8.107224637940622,0.967,3.3340015369467437,6.414967691971702,0.997
50,10,1000,50,3,0.05,5,0.1,4444.6192795201205,10.510722837491803,0.913,3.252189951017499,15.585314894792369,0.433
35,200,1000,50,3,0.05,5,0.1,589.822985004168,12.252690878121244,0.965,3.279902609065175,9.623060175844628,0.993
325,10,1000,10,3,0.05,5,0.1,605.723655320704,12.067576566646135,0.942,3.259577166289091,12.93953501523294,0.759
16,100,1000,10,3,0.05,5,0.1,898.1833149022423,11.79224377114428,0.949,3.4262021011672914,7.948330655436611,0.975
310,10,1000,10,3,0.05,5,0.1,1028.557363785803,11.142598135725253,0.949,3.236351754516363,18.101240931664226,0.544
348,50,1000,10,3,0.05,5,0.1,850.1411129422486,12.973160179375878,0.931,3.187987882643938,14.200498714401238,0.718
93,10,1000,50,3,0.05,5,0.1,1700.615365314763,13.364189097661766,0.932,3.4622877477668226,16.610117636830676,0.507
399,30,1000,30,3,0.05,5,0.1,841.6669925935566,7.510682419218417,0.972,3.329766772687435,11.9021692255202,0.968
95,100,1000,10,3,0.05,5,0.1,558.3023396772332,12.842221915064425,0.967,3.972362377215177,8.5877160536287,0.952
45,200,1000,10,3,0.05,5,0.1,926.6822312972508,14.738035989078618,0.914,3.5186008219607174,5.629237505589754,0.847
386,10,1000,30,3,0.05,5,0.1,1655.82540300861,8.79904275309255,0.963,3.3244350887835026,19.817112555954836,0.437
66,100,1000,50,3,0.05,5,0.1,1065.2750520030968,13.161887908773217,0.949,3.3276624530553818,11.246792971951129,0.506
7,200,1000,30,3,0.05,5,0.1,960.0071398816071,11.99230899569306,0.958,3.239200291223824,5.509245078659856,0.988
57,100,1000,10,3,0.05,5,0.1,558.8826152859256,12.612453690647747,0.963,3.523765687830746,8.55090806877567,0.99
87,200,1000,10,3,0.05,5,0.1,489.0982654010877,12.735481407136188,0.957,3.4716341202147305,4.4859397209793626,0.871
74,200,1000,50,3,0.05,5,0.1,935.363971374929,14.06079488695807,0.973,2.7945336094126105,11.478725721126818,0.979
397,30,1000,30,3,0.05,5,0.1,771.5539753772318,8.311247999406223,0.946,3.072348140180111,13.635533173190538,0.905
346,50,1000,10,3,0.05,5,0.1,773.1101056411862,12.770179243569157,0.942,3.2041370533406734,14.075897545071449,0.849
301,30,1000,10,3,0.05,5,0.1,1101.6910849660635,9.414517656058552,0.978,3.2385826371610165,13.966831678493996,0.738
100,100,1000,30,3,0.05,5,0.1,654.006658565253,7.002212828128394,0.974,3.4102080650627613,8.643140536096686,0.997
82,30,1000,50,3,0.05,5,0.1,1312.958597044926,7.658440201609708,0.953,3.2486659879796207,15.214986070337122,0.772
388,10,1000,30,3,0.05,5,0.1,2132.349283244461,10.70318599831704,0.917,3.1731674559414387,15.307384783081062,0.474
334,30,1000,10,3,0.05,5,0.1,1217.150157082826,10.56123233571835,0.947,3.4237353689968586,9.565038206050192,0.65
27,100,1000,50,3,0.05,5,0.1,910.1451453929768,9.493160328352507,0.976,3.619657063856721,8.972704607917702,0.974
373,50,1000,10,3,0.05,5,0.1,839.8483534157276,11.766054881161333,0.954,3.475933913141489,9.839255721274167,0.882
351,10,1000,10,3,0.05,5,0.1,627.5056083127856,6.684571774889685,0.977,3.4668270833790302,17.160738747110564,0.711
309,50,1000,10,3,0.05,5,0.1,637.1483419649303,11.905791108524726,0.956,3.231144282966852,6.313071326297364,0.885
16,200,1000,30,3,0.05,5,0.1,1169.4487387659028,12.105989927951752,0.94,2.822594730183482,8.466781558245719,0.985
364,10,1000,10,3,0.05,5,0.1,1255.507031928748,11.100760665704634,0.939,3.2145063132047653,15.33109899734954,0.54
95,200,1000,30,3,0.05,5,0.1,702.9634961108677,12.641603764822248,0.964,3.935781250242144,7.887741101432416,0.957
45,100,1000,30,3,0.05,5,0.1,1178.9518365212716,12.577200846334204,0.934,3.570235743653029,8.826917133179322,0.755
7,100,1000,10,3,0.05,5,0.1,577.2873041289859,12.169709290247624,0.952,3.2502834829501808,5.698253449411761,0.996
57,200,1000,30,3,0.05,5,0.1,681.8440766148269,12.509099703553856,0.96,3.52894766908139,8.393585170335232,0.995
332,50,1000,10,3,0.05,5,0.1,728.3900647871196,13.427695597774116,0.974,3.1538065932691097,7.659690091541836,0.945
87,100,1000,30,3,0.05,5,0.1,781.1497796447948,12.64604547234547,0.958,3.323775119613856,7.027019029836585,0.97
100,200,1000,10,3,0.05,5,0.1,452.0612550429069,6.663212509684549,0.978,3.488142025656998,4.660084370770113,0.998
375,30,1000,10,3,0.05,5,0.1,463.25067307427526,9.790859280536248,0.946,3.4713209085166454,8.330192566164255,0.952
340,30,1000,10,3,0.05,5,0.1,837.4697806350887,7.976562853675707,0.959,3.4934989511966705,9.02319342165705,0.955
84,50,1000,50,3,0.05,5,0.1,973.0543107059784,11.400773073595447,0.976,3.260484450031072,14.604188153779116,0.818
307,50,1000,10,3,0.05,5,0.1,1013.4169002585112,10.462828410106752,0.953,3.586992461234331,13.580720217718468,0.591
336,30,1000,10,3,0.05,5,0.1,508.00581623241305,10.15319243248067,0.954,3.3205023892223835,7.88020733311523,0.936
29,200,1000,50,3,0.05,5,0.1,797.0363716082647,9.685815362367032,0.945,3.497682513203472,5.689827145287321,0.993
371,50,1000,10,3,0.05,5,0.1,500.8007853589952,8.973726862848656,0.956,3.3688132762908936,6.664447645258171,0.992
344,50,1000,10,3,0.05,5,0.1,603.8702919669449,7.773201863170189,0.968,3.448116220533848,8.991154015241479,0.99
395,30,1000,30,3,0.05,5,0.1,841.4079446494579,8.836584149340203,0.949,3.111170407384634,16.09003505490792,0.774
89,100,1000,10,3,0.05,5,0.1,521.8521650759503,9.51382331390586,0.964,3.4777120989747345,6.722994973414174,0.993
59,200,1000,10,3,0.05,5,0.1,448.5972822150215,10.965681668104136,0.953,2.876675084233284,6.7576406429510385,0.998
80,30,1000,50,3,0.05,5,0.1,725.6805931716226,7.451796446662438,0.948,3.4993820399977267,14.079014842110531,0.811
303,30,1000,10,3,0.05,5,0.1,923.5036266595124,10.849241797615456,0.946,3.248766653239727,9.33566159320045,0.767
91,10,1000,50,3,0.05,5,0.1,4864.647533238865,10.438973338178576,0.899,3.338816619012505,17.850597853686835,0.413
68,200,1000,50,3,0.05,5,0.1,720.3899002238177,13.620877316782297,0.965,3.401740786153823,5.975646595280017,0.881
312,10,1000,10,3,0.05,5,0.1,742.4921479150653,8.392656566865192,0.971,3.2083499394357204,17.181387985005,0.534
9,100,1000,30,3,0.05,5,0.1,869.9956506048329,11.787081329626384,0.964,3.404651231598109,10.924899385523034,0.868
384,10,1000,30,3,0.05,5,0.1,1595.7119263634086,8.459492779740263,0.959,3.3657163120806217,17.955988217451836,0.55
338,30,1000,10,3,0.05,5,0.1,812.8472415432334,14.29384679429487,0.951,3.23621092364192,12.806558416475925,0.714
18,200,1000,10,3,0.05,5,0.1,511.07897655200213,11.703368034673089,0.944,3.2479893029667437,5.628025060797515,0.994
393,50,1000,30,3,0.05,5,0.1,1138.0107098855078,10.946257488251028,0.956,3.1783161982893944,11.36406804004974,0.81
342,30,1000,10,3,0.05,5,0.1,727.7569287791848,10.768253511729624,0.959,3.432598825544119,11.669796755423954,0.948
305,50,1000,10,3,0.05,5,0.1,495.8200731351971,6.8315371163304865,0.975,3.1442010551691055,8.457161411440058,0.997
86,50,1000,50,3,0.05,5,0.1,871.6436618561856,9.60677601840348,0.974,3.608049144037068,11.264934226155791,0.907
368,10,1000,10,3,0.05,5,0.1,1046.2678375169637,7.338811117081343,0.978,3.3662977144122124,15.779282061758233,0.637
330,50,1000,10,3,0.05,5,0.1,519.6740437373519,10.487827033133794,0.957,3.123628716915846,8.709245499186359,0.967
377,30,1000,10,3,0.05,5,0.1,786.3158802129328,10.57219828681158,0.949,3.1949303299188614,11.195080692360426,0.933
89,200,1000,30,3,0.05,5,0.1,675.6768367709592,9.563451346821145,0.966,3.581582877784967,6.098512502725179,0.998
59,100,1000,30,3,0.05,5,0.1,784.545251657255,10.71173610762924,0.955,3.4189183050766587,9.020498682251402,0.991
366,10,1000,10,3,0.05,5,0.1,896.1544121354818,12.49184488110214,0.939,3.3897968754172325,15.686780999507375,0.494
9,200,1000,10,3,0.05,5,0.1,513.5533087230287,13.845397352511686,0.964,3.325800808146596,7.579765751798015,0.981
379,30,1000,10,3,0.05,5,0.1,561.5200513675809,11.972208676124534,0.966,3.405191034078598,11.688457085476584,0.896
18,100,1000,30,3,0.05,5,0.1,789.3960067392327,11.01547471386919,0.944,3.6663987888023257,8.366584435880867,0.93
88,50,1000,50,3,0.05,5,0.1,2193.012182175182,14.201363017247436,0.939,3.338430552277714,9.574736103683174,0.582
353,10,1000,10,3,0.05,5,0.1,673.6976892091334,8.068530660078208,0.957,3.4119714871048927,12.169112183265415,0.927
39,30,1000,50,3,0.05,5,0.1,1822.529311128892,13.336436169093645,0.947,3.282896756194532,12.042287098913716,0.569
26,10,1000,50,3,0.05,5,0.1,1216.5678326692432,9.071235229249297,0.953,3.288855452090502,22.03150881827914,0.492
319,30,1000,30,3,0.05,5,0.1,767.10354379192,10.293698600306069,0.976,3.4409996457397938,12.57189091045058,0.793
13,10,1000,50,3,0.05,5,0.1,5274.4929608488455,10.91819110964908,0.802,3.4101860392838717,16.58222680855207,0.342
390,10,1000,10,3,0.05,5,0.1,2096.5694538876414,8.911398229904325,0.949,3.2203580252826214,13.571630216915263,0.491
306,10,1000,30,3,0.05,5,0.1,3224.9776187352836,9.207231157268051,0.923,3.3449013456702232,14.017051250440176,0.596
317,30,1000,30,3,0.05,5,0.1,957.9251669049264,7.515566342823412,0.967,3.360961202532053,10.037095954697811,0.823
45,50,1000,50,3,0.05,5,0.1,1903.2539306562392,13.29889927887081,0.924,3.4413032815791667,11.463194994886951,0.602
308,10,1000,30,3,0.05,5,0.1,2549.601170372218,9.696137717470016,0.924,3.3408991061151028,17.670799358206835,0.545
5,10,1000,50,3,0.05,5,0.1,1474.8794705378823,10.532466320283774,0.945,3.3331663771532476,18.60702001576704,0.55
350,50,1000,30,3,0.05,5,0.1,989.3991835825144,14.85482114200289,0.967,3.411947589367628,10.934768838371983,0.779
381,30,1000,10,3,0.05,5,0.1,1126.2183759771287,12.42028935899978,0.962,3.1433485858142376,10.340014359987638,0.641
37,30,1000,50,3,0.05,5,0.1,2267.1147456392646,12.520871173516555,0.937,3.647251036949456,13.926885690511783,0.428
365,50,1000,30,3,0.05,5,0.1,828.7613886632025,9.10599931073915,0.957,2.8103656135499477,10.028313663744443,0.986
322,30,1000,30,3,0.05,5,0.1,1026.726469706744,9.928033417133898,0.952,3.164162300527096,15.743053792934182,0.665
70,50,1000,50,3,0.05,5,0.1,713.3622672939673,10.113497956049384,0.963,3.2577708610333502,9.158214278081138,0.897
28,10,1000,50,3,0.05,5,0.1,1375.82769528497,9.689524582484603,0.933,3.4272377667948604,19.21202842678492,0.494
347,10,1000,30,3,0.05,5,0.1,1716.6031968444586,11.709395288126029,0.931,3.2635659985244274,16.63246394976,0.433
358,30,1000,30,3,0.05,5,0.1,1785.1094826832414,10.12817832146795,0.903,3.3535996042191982,14.331845943008402,0.625
52,10,1000,50,3,0.05,5,0.1,1692.993912288919,7.165871566319472,0.965,3.3750384552404284,20.65929360622161,0.369
389,50,1000,10,3,0.05,5,0.1,478.0145797543228,7.765530840570557,0.968,3.5478227213025093,6.945509691023961,0.998
67,10,1000,50,3,0.05,5,0.1,1639.8737928322516,9.9691471285373,0.957,3.454268997069448,19.937701462673484,0.532
372,10,1000,30,3,0.05,5,0.1,1089.7753541506827,8.604118131726008,0.951,3.1172634847462177,16.50753809058863,0.63
78,30,1000,50,3,0.05,5,0.1,1522.0484344041906,14.818921329391236,0.959,3.405190378893167,13.814068778605492,0.663
31,50,1000,50,3,0.05,5,0.1,753.6228270060383,10.198797712962133,0.965,3.4386041876859963,13.453595478891309,0.877
363,30,1000,30,3,0.05,5,0.1,1208.4373073130846,12.036465556657069,0.954,3.1563435941934586,13.97251859127273,0.764
69,10,1000,50,3,0.05,5,0.1,1306.3457340947352,8.187486029352584,0.966,3.356386843137443,19.550074866545938,0.571
324,50,1000,30,3,0.05,5,0.1,945.5901241898536,9.607773744410348,0.974,3.6677313670516014,11.067950037443628,0.964
76,30,1000,50,3,0.05,5,0.1,1085.9257349958643,9.98708296960663,0.964,3.9413219168782234,13.71686536305657,0.795
349,10,1000,30,3,0.05,5,0.1,2605.514157369733,10.356657819298976,0.952,3.3807902112603188,16.12550582194836,0.499
311,50,1000,30,3,0.05,5,0.1,926.1974252015352,15.362260310142988,0.961,3.776571042835712,12.261071265573628,0.807
387,50,1000,10,3,0.05,5,0.1,536.0819058082998,11.983393278159973,0.96,3.847663193941116,8.177987154441187,0.939
356,30,1000,30,3,0.05,5,0.1,956.0482941716908,7.556716536812387,0.963,3.6033624671399593,12.633951476908353,0.956
15,30,1000,30,3,0.05,5,0.1,1121.073553781025,9.343884287332669,0.968,3.5923793837428093,13.027439756796284,0.748
347,50,1000,50,3,0.05,5,0.1,1095.3341780379417,10.093836778534504,0.958,2.818784862756729,11.33422789710937,0.841
83,30,1000,10,3,0.05,5,0.1,1092.6605190718549,11.001606485671328,0.859,3.532384755089879,9.450350696961856,0.709
23,200,1000,30,3,0.05,5,0.1,616.0902627157047,11.3513147634139,0.952,3.401042364072054,7.315086287498913,0.952
52,50,1000,30,3,0.05,5,0.1,825.8574097468518,8.024691797119157,0.968,3.18307114392519,10.27280871251117,0.987
67,50,1000,30,3,0.05,5,0.1,1018.1595654082485,9.250450988241246,0.957,3.3879344346933067,11.378436821910494,0.986
400,30,1000,10,3,0.05,5,0.1,999.8428982943296,10.907211088413971,0.934,3.1710822992026806,9.87200821198344,0.66
70,100,1000,30,3,0.05,5,0.1,592.3251007478684,9.632652277025745,0.968,3.1837115939706564,6.645611167782917,0.993
312,100,1000,10,3,0.05,5,0.1,443.30682618170977,9.183081317051892,0.965,3.2623253539204597,7.648294822605284,0.996
20,30,1000,30,3,0.05,5,0.1,1413.9408508269116,9.99524752509724,0.931,3.482789047062397,13.637816014161787,0.522
372,50,1000,50,3,0.05,5,0.1,926.0610461570324,7.902535519910192,0.957,3.1397658698260784,9.837523306520191,0.98
3,100,1000,50,3,0.05,5,0.1,1065.822610910982,11.954877113439284,0.967,3.4325864696875215,8.842899738420613,0.925
69,50,1000,30,3,0.05,5,0.1,544.4923133100383,6.8484663265216,0.98,3.2278406620025635,11.48405346076345,0.969
62,200,1000,30,3,0.05,5,0.1,685.2608480351046,12.030005843720332,0.972,3.391915342770517,8.907288597447758,0.997
31,10,1000,30,3,0.05,5,0.1,1537.6011686571874,9.04779423824192,0.961,3.400155512150377,16.839397835638753,0.521
324,10,1000,50,3,0.05,5,0.1,1908.3714126385748,11.397482912429316,0.955,3.1764587573707104,16.191909592929115,0.6
92,10,1000,10,3,0.05,5,0.1,1825.4489519121123,11.323197425825851,0.91,3.398323465138674,11.721214926041576,0.451
353,100,1000,10,3,0.05,5,0.1,496.5500539727509,8.275465147730946,0.955,3.4004126638174057,4.734208896147555,0.998
31,100,1000,30,3,0.05,5,0.1,909.5987585401164,9.595573052240129,0.951,3.357398515101522,7.353508420296089,0.996
311,10,1000,50,3,0.05,5,0.1,2727.3102907687426,11.624108137350945,0.921,3.338342737406492,16.181273712165197,0.305
349,50,1000,50,3,0.05,5,0.1,1533.5555788464844,9.431719783653222,0.964,3.189442250877619,13.928836558250758,0.58
3,30,1000,30,3,0.05,5,0.1,1227.437158629764,10.429717358371231,0.957,3.4316394049674273,12.648165495731376,0.731
333,50,1000,50,3,0.05,5,0.1,840.7395998723805,10.469764680463223,0.957,3.531693499535322,15.549451097004583,0.555
61,30,1000,30,3,0.05,5,0.1,943.2280712928624,7.232960296651278,0.982,3.475997758097946,9.928412326834062,0.928
26,50,1000,30,3,0.05,5,0.1,961.0906171570532,7.3825243519323855,0.969,3.3248328412882984,10.964131986337874,0.984
23,100,1000,10,3,0.05,5,0.1,895.0659769419581,10.407286540915756,0.947,3.0876318593509495,7.162236894274169,0.96
374,30,1000,50,3,0.05,5,0.1,993.151187311858,7.491532690399853,0.975,3.438366759568453,13.9396356417555,0.85
13,50,1000,30,3,0.05,5,0.1,1506.176003452856,12.726012317123727,0.935,3.588402207940817,12.765160856156635,0.665
341,30,1000,50,3,0.05,5,0.1,1334.9044942706823,10.043340503396175,0.969,3.469930976629257,14.95803401047027,0.826
306,50,1000,50,3,0.05,5,0.1,1189.9495229050517,9.84805649205659,0.939,3.2219034247100353,16.00580469119708,0.502
54,30,1000,30,3,0.05,5,0.1,851.443119417876,10.415733082645,0.977,3.482507615350187,14.934541735041938,0.569
53,100,1000,50,3,0.05,5,0.1,777.5811083200388,11.931638850959304,0.976,3.309380026999861,8.084366164485466,0.939
83,200,1000,50,3,0.05,5,0.1,1107.4089408088475,10.0141270884373,0.925,3.531451807823032,8.006030297658535,0.764
70,200,1000,10,3,0.05,5,0.1,468.2629573978484,9.64455680836194,0.949,3.634740509092808,4.246468592006049,0.998
85,50,1000,10,3,0.05,5,0.1,705.2087383107282,10.845821118093342,0.971,3.4863883992657065,7.100540823718548,0.948
45,10,1000,30,3,0.05,5,0.1,6863.90649552783,11.61994409261013,0.884,3.293274556286633,13.112149844468265,0.501
91,100,1000,50,3,0.05,5,0.1,791.4178548762575,10.455895036423282,0.956,3.430954313836992,7.710029245875467,0.963
41,200,1000,50,3,0.05,5,0.1,754.6511962730438,10.357545139258452,0.947,3.662544153165072,7.371699397898037,0.997
62,100,1000,10,3,0.05,5,0.1,435.21477959118783,12.469420362515484,0.974,3.678680439013988,8.591148447621725,0.994
350,10,1000,50,3,0.05,5,0.1,2835.677278034389,11.168845722326417,0.942,3.271444156765938,13.914527615631547,0.555
5,50,1000,30,3,0.05,5,0.1,735.680984001141,9.076904734656928,0.961,3.5660381009802222,9.713099508441433,0.956
365,10,1000,50,3,0.05,5,0.1,1340.7708542980254,9.786188003059497,0.95,3.283264897763729,18.119107257783245,0.62
31,200,1000,10,3,0.05,5,0.1,499.4682221948169,10.458962447519744,0.957,3.287369520869106,5.694426674818212,0.998
12,100,1000,50,3,0.05,5,0.1,1136.580161987804,9.67058133356122,0.968,3.736495084594935,8.15295732397244,0.995
28,50,1000,30,3,0.05,5,0.1,934.7931649959646,9.047422129029725,0.959,3.3791904291138053,9.649988165575737,0.978
70,10,1000,30,3,0.05,5,0.1,1054.1546112340875,9.695653711165642,0.942,3.2625645771622658,17.882409640574892,0.538
48,50,1000,10,3,0.05,5,0.1,421.28183036716655,9.643476493244624,0.944,3.2007413348183036,7.26060178875883,0.996
10,10,1000,10,3,0.05,5,0.1,838.2658025640994,7.601438683094713,0.969,3.236008323263377,16.681567035087678,0.562
99,30,1000,30,3,0.05,5,0.1,1268.9689255701378,11.586954345458627,0.93,3.380893155001104,14.654806125734885,0.575
86,10,1000,30,3,0.05,5,0.1,1282.4736949899234,10.238938085157171,0.961,3.255025469698012,18.808253200899937,0.465
37,200,1000,30,3,0.05,5,0.1,936.0543804699556,14.331510230776306,0.966,3.3907956639304757,6.772621108346104,0.867
385,100,1000,10,3,0.05,5,0.1,561.170915544033,9.38056441048513,0.983,3.518107410520315,5.409755836080118,0.997
8,10,1000,10,3,0.05,5,0.1,642.3106166413054,7.681972936583714,0.977,3.2623394201509655,14.399300374178736,0.636
306,100,1000,10,3,0.05,5,0.1,469.664462916553,10.992349303342284,0.941,3.164275087416172,7.796994561538993,0.988
64,100,1000,30,3,0.05,5,0.1,850.7607838176191,10.081267054899282,0.965,3.5401381999254227,7.537170172658001,0.991
5,200,1000,50,3,0.05,5,0.1,526.3192239170894,9.580463741914258,0.965,3.655544080771506,6.336095497969823,0.998
25,10,1000,10,3,0.05,5,0.1,671.5622020550072,7.741500439131915,0.962,3.298116742167622,13.79267360384646,0.876
76,200,1000,30,3,0.05,5,0.1,612.3288389532827,11.5837357646377,0.96,3.5094478661194444,7.227984112725289,0.995
34,30,1000,10,3,0.05,5,0.1,749.4582475209609,11.879646582250803,0.956,3.5083122537471354,9.77984524637792,0.819
73,50,1000,10,3,0.05,5,0.1,483.1142692309804,7.062204740624302,0.969,3.294743254315108,8.481843366552203,0.998
97,30,1000,30,3,0.05,5,0.1,1413.089002640918,10.396519598429975,0.966,3.0543262069113553,12.333000610883696,0.703
25,100,1000,30,3,0.05,5,0.1,706.1965766823851,7.561509204732896,0.967,3.2087082332000136,7.417546783326448,0.998
46,50,1000,10,3,0.05,5,0.1,504.57027104124427,8.938674301371446,0.955,3.149674393236637,7.183221612860517,0.993
347,100,1000,10,3,0.05,5,0.1,501.1725097410381,11.605405896605951,0.962,3.276450965553522,5.265917287806343,0.99
6,10,1000,10,3,0.05,5,0.1,965.491100348998,9.072649403715536,0.965,3.307983168866486,16.343807140121683,0.468
88,10,1000,30,3,0.05,5,0.1,7937.424606074113,13.693934541869854,0.42,3.3826546161435544,12.771956187270217,0.353
382,30,1000,50,3,0.05,5,0.1,1913.4440119862556,11.500291288227489,0.941,3.130645237863064,13.87046977943226,0.575
64,10,1000,10,3,0.05,5,0.1,800.4516552258283,9.337749018558966,0.971,3.2473209970630705,14.204795687486646,0.634
14,200,1000,50,3,0.05,5,0.1,749.4688267698511,9.96685809804998,0.964,2.807481164112687,5.80697191382581,0.997
37,100,1000,10,3,0.05,5,0.1,846.4655364188366,13.861202103985176,0.956,3.26994122704491,7.216422188228849,0.879
100,10,1000,10,3,0.05,5,0.1,682.6042829463258,7.981723685749447,0.948,3.207505906932056,14.65406398496863,0.847
64,200,1000,10,3,0.05,5,0.1,524.3351035811938,10.401036506306736,0.967,3.607310988008976,4.677937698140239,0.998
51,10,1000,10,3,0.05,5,0.1,890.9170126440004,9.601480350666463,0.948,3.164793854113668,16.357109904104245,0.598
97,200,1000,50,3,0.05,5,0.1,622.1338066300377,12.19392271233384,0.984,3.549551998730749,6.635809481110247,0.926
47,100,1000,50,3,0.05,5,0.1,666.2221092837863,7.437162563328288,0.969,3.380861759185791,9.166991624996516,0.997
76,100,1000,10,3,0.05,5,0.1,488.1980661242269,11.35407843530146,0.958,3.301263545639813,6.650686481926219,0.997
55,200,1000,50,3,0.05,5,0.1,606.7090834612027,9.968452113273376,0.963,3.780566349159926,6.097040878012202,0.995
85,100,1000,50,3,0.05,5,0.1,867.7141104200855,11.12834176745455,0.961,3.905434011016041,7.302829327474416,0.948
40,30,1000,10,3,0.05,5,0.1,693.4873092314228,9.712412063291527,0.956,3.309990243986249,9.910156473923314,0.972
91,50,1000,30,3,0.05,5,0.1,770.2883668211289,10.45628133247858,0.972,3.368661016225815,9.296170587718564,0.899
384,50,1000,50,3,0.05,5,0.1,869.823918107897,9.765942462627178,0.956,3.372638113796711,9.38546733564768,0.903
32,50,1000,10,3,0.05,5,0.1,492.1563536687754,8.115301267746696,0.963,3.5750788720324636,6.982350141675767,0.998
25,200,1000,10,3,0.05,5,0.1,489.5906396098435,7.517880374999075,0.964,3.2251605172641575,4.142377712693834,0.998
75,30,1000,10,3,0.05,5,0.1,640.0619027540088,12.205921623673031,0.962,3.405454784166068,10.307083721850551,0.899
50,10,1000,10,3,0.05,5,0.1,1374.8537706257775,11.803054581831288,0.917,3.255683757830411,11.98080639511703,0.605
33,200,1000,30,3,0.05,5,0.1,646.8193930718116,9.189937850064933,0.957,3.6009583538398147,5.619189990885659,0.992
60,100,1000,30,3,0.05,5,0.1,952.656339880079,8.289299733952896,0.967,3.4222795981913805,7.905845812650031,0.987
302,100,1000,10,3,0.05,5,0.1,467.6126830726862,9.678839257935728,0.947,3.1119416393339634,4.8210489272343064,0.998
65,10,1000,10,3,0.05,5,0.1,1057.413686431013,10.34005270457471,0.952,3.2977039851248264,17.543894155614073,0.57
1,200,1000,50,3,0.05,5,0.1,624.6156709436327,9.33242332681039,0.978,3.648729270324111,7.616063093646304,0.998
72,200,1000,30,3,0.05,5,0.1,795.390753258951,7.215847436687164,0.972,3.5115901338867843,5.417161239632931,0.998
74,30,1000,10,3,0.05,5,0.1,816.0963860680349,13.442344099987222,0.962,3.299054715782404,9.101162813378972,0.848
33,50,1000,10,3,0.05,5,0.1,469.595104384236,9.858986879497198,0.956,3.6598181389272217,6.651871281350577,0.993
385,50,1000,50,3,0.05,5,0.1,927.3801518939435,9.442777601556475,0.967,3.3834574557840824,9.546802669289626,0.916
343,100,1000,10,3,0.05,5,0.1,485.21175596117973,7.413766313733187,0.965,3.4087730534374714,6.806306435341606,0.998
21,100,1000,30,3,0.05,5,0.1,1018.6296968893148,15.219259788732586,0.953,3.3434549793601036,10.501462179220018,0.949
41,30,1000,10,3,0.05,5,0.1,746.0026502273977,9.32902965533166,0.947,3.2672589160501957,9.728628971079068,0.933
90,50,1000,30,3,0.05,5,0.1,900.0073578162119,10.843296036134037,0.953,3.2950155292637646,9.22598309942768,0.915
24,10,1000,10,3,0.05,5,0.1,839.6006141919643,10.518043272145889,0.934,3.3166274232789874,16.217989155723444,0.539
33,100,1000,10,3,0.05,5,0.1,479.53209947701544,9.656105754622695,0.96,3.467296749353409,4.811156596902508,0.997
10,200,1000,50,3,0.05,5,0.1,713.8513220460154,7.811781406527684,0.982,3.582319750916213,5.575264547101751,0.998
87,10,1000,30,3,0.05,5,0.1,1948.3666904140264,12.380790783911303,0.935,3.163862750865519,17.258647398547204,0.411
9,10,1000,10,3,0.05,5,0.1,1563.2682159519754,9.417919892873568,0.937,3.2768551548942924,17.983160628699896,0.442
43,100,1000,50,3,0.05,5,0.1,636.3192336251959,10.021364562263877,0.956,2.828005093615502,7.86633799618266,0.981
93,200,1000,50,3,0.05,5,0.1,523.85095594218,13.171056839719542,0.958,3.4459134778007865,8.310934441753984,0.992
11,10,1000,10,3,0.05,5,0.1,888.6395529718138,10.930739314225391,0.953,3.3895323132164776,13.996643895764567,0.631
49,50,1000,10,3,0.05,5,0.1,510.9793065460399,8.294566127793907,0.963,3.28425131412223,8.78910339820799,0.997
60,200,1000,10,3,0.05,5,0.1,464.20056832488626,8.991557258874016,0.973,3.651826282031834,5.971039269577489,0.998
98,30,1000,30,3,0.05,5,0.1,1205.6469479971563,8.546995439201831,0.976,3.351051825098694,13.449203318801471,0.901
7,10,1000,10,3,0.05,5,0.1,941.0870912121608,10.823458524469268,0.96,3.2482228791341186,13.0947544422902,0.743
81,100,1000,50,3,0.05,5,0.1,763.5184354698285,10.15796205160508,0.971,2.7951412298716605,9.973464669553383,0.983
51,200,1000,50,3,0.05,5,0.1,625.6323559531011,10.049697398025614,0.96,3.726021558977663,4.741659111741012,0.99
72,100,1000,10,3,0.05,5,0.1,536.971402971074,7.605492682422272,0.972,3.240218553226441,6.406672435799066,0.998
383,30,1000,50,3,0.05,5,0.1,1050.6795421428978,11.52763513656059,0.957,3.121839962899685,14.802010761341412,0.812
89,10,1000,30,3,0.05,5,0.1,2128.940554874018,9.28816441950562,0.964,3.2097074477933347,18.611327475913264,0.408
96,30,1000,30,3,0.05,5,0.1,1180.673946805764,13.927347966303762,0.964,3.2616786952130497,16.290435367795357,0.753
47,50,1000,10,3,0.05,5,0.1,492.30555432708934,7.454111999549678,0.967,3.190010061021894,10.474673781947416,0.996
72,50,1000,10,3,0.05,5,0.1,567.946364433039,7.585937226974235,0.963,3.4746651258319616,8.65303678456262,0.991
21,200,1000,10,3,0.05,5,0.1,568.7191309896298,15.259965085371594,0.954,3.78740209992975,7.824915250033273,0.993
35,30,1000,10,3,0.05,5,0.1,713.0265896976925,12.768364932686222,0.971,3.3719210186973214,14.200556969360871,0.84
307,50,1000,50,3,0.05,5,0.1,1609.8212626576424,10.30028673686044,0.947,3.3319393172860146,17.14579393110014,0.505
55,30,1000,30,3,0.05,5,0.1,891.9744052719325,9.860761346461867,0.966,3.196690334007144,10.168980179362803,0.888
84,50,1000,10,3,0.05,5,0.1,548.79698614683,11.759386309577296,0.979,3.0924264970235527,10.093717342420945,0.987
27,200,1000,30,3,0.05,5,0.1,614.3469224260189,8.691209903986017,0.972,3.4435562710277736,7.857269736059619,0.992
12,50,1000,30,3,0.05,5,0.1,1113.236505554989,9.6289888420198,0.969,3.235972694121301,10.508090007986198,0.94
340,30,1000,50,3,0.05,5,0.1,1417.890922088176,7.592143706427922,0.973,3.3975462950766087,14.062552063197478,0.688
27,50,1000,30,3,0.05,5,0.1,880.3631185009144,7.742806646104953,0.972,3.860256442800164,12.70573816434895,0.894
375,30,1000,50,3,0.05,5,0.1,955.0527189038694,10.329715342246296,0.928,3.439769499003887,11.811223378975397,0.726
100,200,1000,50,3,0.05,5,0.1,671.589465057943,6.972856972494707,0.974,2.8234746549278498,5.96242627798205,0.998
60,30,1000,30,3,0.05,5,0.1,1463.4462958602237,8.414178813692816,0.963,3.1172572881914675,16.8339330072312,0.56
316,100,1000,10,3,0.05,5,0.1,463.719182126224,8.624535991008427,0.974,3.4001329243183136,5.044306522331827,0.998
74,100,1000,30,3,0.05,5,0.1,1020.0662135151216,13.851089338980708,0.968,2.84307660209015,13.430413754999126,0.85
7,100,1000,50,3,0.05,5,0.1,884.3504119506106,12.088425832756725,0.962,3.4443623470142484,6.981363382026,0.981
71,10,1000,30,3,0.05,5,0.1,8680.223320255987,11.724816966433371,0.598,3.5729836118407547,14.126280343767451,0.397
66,200,1000,30,3,0.05,5,0.1,968.486011498142,13.433938616727168,0.97,3.4387955549173057,7.882740511469908,0.932
29,50,1000,30,3,0.05,5,0.1,1095.3367348131724,9.85324647234672,0.943,3.3138945740647614,12.044555350107403,0.864
35,100,1000,30,3,0.05,5,0.1,894.7325553069822,13.268951422121203,0.97,3.4223974202759564,10.33278509993409,0.967
357,100,1000,10,3,0.05,5,0.1,615.257673446089,11.876428884010668,0.951,3.302490495145321,9.542475527972236,0.949
309,50,1000,50,3,0.05,5,0.1,976.0513617359102,12.269575828485143,0.966,3.508484560996294,13.3471469383636,0.819
351,10,1000,50,3,0.05,5,0.1,1547.719910979271,10.21076744635409,0.971,3.3385674208402634,22.484977406100267,0.52
4,50,1000,30,3,0.05,5,0.1,1025.199165736325,13.350718480196504,0.949,3.2980442689731717,11.762590963601216,0.669
44,10,1000,30,3,0.05,5,0.1,1505.294452917762,8.546954879663643,0.954,3.2438490609638393,21.30344943120112,0.397
21,30,1000,30,3,0.05,5,0.1,1331.717024790123,13.445089885321044,0.943,3.542489493265748,11.020084907289212,0.687
373,50,1000,50,3,0.05,5,0.1,1029.49510865286,13.291140107775036,0.941,3.618294671177864,8.425165629469113,0.768
334,30,1000,50,3,0.05,5,0.1,8639.294163081795,12.968738407917806,0.655,4.10880333930254,11.161159960427057,0.569
27,100,1000,10,3,0.05,5,0.1,464.4839327931404,9.733813073264,0.972,3.18373370822519,7.484743710958366,0.998
66,50,1000,30,3,0.05,5,0.1,1274.3118503857404,13.482600334278002,0.954,3.3435800592415035,10.713790993110557,0.615
82,30,1000,10,3,0.05,5,0.1,510.0937721077353,8.400549426470896,0.951,3.35838239826262,9.706713809142524,0.987
301,30,1000,50,3,0.05,5,0.1,1535.2286228984594,10.02506064221075,0.962,3.122810784727335,16.70749804431254,0.485
53,50,1000,30,3,0.05,5,0.1,964.6293679899536,12.307713099314846,0.981,3.1919395537115633,9.928357197577286,0.907
14,30,1000,30,3,0.05,5,0.1,931.2660186542198,10.777432389125936,0.951,3.5619799941778183,13.817946749715723,0.845
346,50,1000,50,3,0.05,5,0.1,1342.8900376223028,12.38187230657419,0.937,3.484816089272499,15.08589233660796,0.737
74,200,1000,10,3,0.05,5,0.1,712.3343348158523,13.654645146371337,0.976,3.6356644239276648,9.094070658232836,0.998
87,200,1000,50,3,0.05,5,0.1,794.5213111769408,12.634771012224173,0.956,2.9958520671352744,5.83560245018253,0.969
57,100,1000,50,3,0.05,5,0.1,777.417338966392,12.243286894699384,0.96,3.6867717071436346,8.548690436744332,0.942
2,30,1000,30,3,0.05,5,0.1,1783.0440842099488,10.114189802047198,0.936,3.383225276134908,14.266459128320774,0.626
66,100,1000,10,3,0.05,5,0.1,806.9240062539466,13.429412957200537,0.965,3.323468131944537,6.663025492383633,0.948
45,200,1000,50,3,0.05,5,0.1,826.7697901278734,14.712023524236123,0.944,2.8029433391056955,6.732546010028065,0.859
95,100,1000,50,3,0.05,5,0.1,939.9180159242824,12.477862731224432,0.972,2.8227064344100654,8.355358465707019,0.893
93,10,1000,10,3,0.05,5,0.1,842.8780975439586,12.02076344720288,0.956,3.2062383629381657,15.017695357717631,0.615
310,10,1000,50,3,0.05,5,0.1,4217.815080087632,11.86197503450953,0.883,3.1717342026531696,16.946322173808404,0.529
16,100,1000,50,3,0.05,5,0.1,978.5129707246087,11.578469159062248,0.944,3.5421607340686023,11.33683806422131,0.879
35,200,1000,10,3,0.05,5,0.1,511.9326900104061,12.984243209513904,0.972,3.3336796672083437,8.95990995116961,0.998
325,10,1000,50,3,0.05,5,0.1,3518.417764250189,10.82558525586093,0.936,3.2253202497959137,18.677609162757527,0.446
30,10,1000,30,3,0.05,5,0.1,3886.953878124245,8.924439083422138,0.89,3.2848448851145804,15.894058733103364,0.512
68,50,1000,30,3,0.05,5,0.1,1101.3206714023836,12.380288904250358,0.971,3.328236178960651,11.070828849461655,0.802
79,30,1000,50,3,0.05,5,0.1,1381.2823507813737,10.04581022451407,0.936,3.48304948117584,15.419953380888446,0.524
373,10,1000,30,3,0.05,5,0.1,3379.635537303984,11.955073262066934,0.885,3.20857572555542,14.027577095107192,0.361
39,200,1000,50,3,0.05,5,0.1,754.5674232272431,12.777460036617214,0.955,3.3275989913381636,8.315140863870935,0.96
66,10,1000,50,3,0.05,5,0.1,4164.597555624321,11.61125884311616,0.842,3.281766638159752,15.56629083759639,0.322
53,10,1000,50,3,0.05,5,0.1,1896.6404553330503,12.582871390128396,0.933,3.2444129530340433,18.133273388123374,0.412
359,30,1000,30,3,0.05,5,0.1,2189.612045299262,15.546072752256896,0.93,3.2988353967666626,10.953657352207186,0.511
388,50,1000,10,3,0.05,5,0.1,978.0337543897332,11.645620588930544,0.963,3.3609285205602646,8.584472757555828,0.946
99,100,1000,10,3,0.05,5,0.1,683.5283273798414,12.845032687637069,0.956,3.559000104200095,7.823609858198433,0.945
49,200,1000,10,3,0.05,5,0.1,569.2223729421385,7.520247184166414,0.975,3.4727436397224665,5.314931151809393,0.998
346,10,1000,30,3,0.05,5,0.1,2561.4416219852865,11.81383764941211,0.891,3.3226541355252266,18.04851129947205,0.487
386,50,1000,10,3,0.05,5,0.1,534.6343684829772,8.53419709664369,0.975,3.799186609685421,6.53923382725812,0.988
78,200,1000,50,3,0.05,5,0.1,622.4003417883068,14.636336480133156,0.966,3.649085886310786,8.201026244355585,0.964
357,30,1000,30,3,0.05,5,0.1,1820.2556017413735,9.228371639020711,0.952,3.486911993473768,12.186216253322206,0.549
310,50,1000,30,3,0.05,5,0.1,1189.237765405327,11.728732589395795,0.976,3.2452119775116444,15.924392334037805,0.738
348,10,1000,30,3,0.05,5,0.1,3836.435883112252,9.722373204841745,0.789,3.1910199262201786,14.828434590304974,0.367
325,50,1000,30,3,0.05,5,0.1,1045.7740858495235,12.381345280623574,0.938,3.732493445277214,13.327307638730586,0.882
77,30,1000,50,3,0.05,5,0.1,3351.418765548151,10.06992626504875,0.901,3.3402682919986546,13.698969964734456,0.448
68,10,1000,50,3,0.05,5,0.1,2915.2487762412056,10.19078969022007,0.911,3.1469981749542058,18.499814139355465,0.332
30,50,1000,50,3,0.05,5,0.1,2111.374742915854,12.702902582196854,0.894,3.3933573719114065,10.92395504540628,0.65
362,30,1000,30,3,0.05,5,0.1,2258.2890222407877,11.342023532677008,0.888,3.3980731777846813,14.833014919238082,0.45
307,10,1000,30,3,0.05,5,0.1,3918.382562126964,11.3350246962202,0.824,3.3075092881917953,16.908943879352577,0.493
12,10,1000,50,3,0.05,5,0.1,2575.82912610285,9.390529873381332,0.944,3.5416235318407416,19.06904486296993,0.551
318,30,1000,30,3,0.05,5,0.1,1289.787254225463,8.546921009228845,0.972,3.3636994250118732,16.831214446737604,0.699
391,10,1000,10,3,0.05,5,0.1,6527.227746941149,16.424615957043663,0.653,3.1120173893868923,12.29696015297326,0.596
27,10,1000,50,3,0.05,5,0.1,2416.50810089102,9.364626156013726,0.936,3.392836240120232,17.17433107518276,0.543
38,30,1000,50,3,0.05,5,0.1,1164.902807794977,9.095320214497889,0.957,3.282819686923176,15.787486451398902,0.554
99,200,1000,30,3,0.05,5,0.1,821.8491850621067,12.745781014436592,0.947,3.4064563289284706,6.155157215490296,0.979
49,100,1000,30,3,0.05,5,0.1,647.8846500329673,8.46873688432337,0.968,2.8202297859825194,8.476269623647417,0.998
29,10,1000,50,3,0.05,5,0.1,1876.231531088706,10.053432167872163,0.913,3.3034642641432583,21.677192960181515,0.405
323,30,1000,30,3,0.05,5,0.1,881.692016467452,10.08189096176356,0.935,3.553053829818964,10.862394805435049,0.979
36,30,1000,50,3,0.05,5,0.1,1117.7595902020112,11.35724540408398,0.956,3.6332152681425214,12.316451859225184,0.583
364,50,1000,30,3,0.05,5,0.1,1107.8118100613356,11.949855325681174,0.967,3.455608457326889,11.370286844978724,0.676
4,10,1000,50,3,0.05,5,0.1,4473.724404396955,12.382537814070956,0.915,3.269512674305588,17.12827455692819,0.332
351,50,1000,30,3,0.05,5,0.1,826.7855549529195,6.827681274310042,0.98,3.543387569487095,10.984174515278598,0.972
309,10,1000,30,3,0.05,5,0.1,3211.6973124444485,13.99977965834084,0.888,3.116313885897398,14.812483476061024,0.524
380,30,1000,10,3,0.05,5,0.1,640.8571147322655,11.564116819209287,0.966,3.4940136298537254,10.937750789343085,0.892
316,30,1000,30,3,0.05,5,0.1,1033.5787987075746,8.075818309125157,0.965,3.54963294044137,10.316883610936475,0.935
44,50,1000,50,3,0.05,5,0.1,964.750458444003,8.975430864853468,0.961,3.4316567052155733,12.0245322938172,0.977
376,30,1000,10,3,0.05,5,0.1,639.217386405915,11.29009758506272,0.936,3.305848605930805,10.666001716062372,0.955
331,50,1000,10,3,0.05,5,0.1,624.1485878415406,8.847170047174417,0.96,3.1221300810575485,12.025614579567153,0.909
369,10,1000,10,3,0.05,5,0.1,895.3834410943091,8.816751845773602,0.967,3.1815893426537514,14.01794501648672,0.741
304,50,1000,10,3,0.05,5,0.1,831.257632561028,11.789643997973526,0.972,3.5498650446534157,9.490015114434035,0.913
87,50,1000,50,3,0.05,5,0.1,917.8477859138512,12.997463256167707,0.959,3.3258265228942037,13.8952331058522,0.782
343,30,1000,10,3,0.05,5,0.1,516.323770608753,7.013522803658171,0.964,3.486193794757128,11.192075106434284,0.994
89,50,1000,50,3,0.05,5,0.1,1047.1837749392726,9.75142987743843,0.964,3.39238490909338,11.910829594602568,0.873
352,10,1000,10,3,0.05,5,0.1,692.460442174226,9.472860729549836,0.979,3.3308514021337032,12.325967184337753,0.821
378,30,1000,10,3,0.05,5,0.1,1105.7387828081846,13.14049193238003,0.935,3.2401611395180225,11.01635824035058,0.621
367,10,1000,10,3,0.05,5,0.1,956.5839259363712,14.210953771667972,0.957,3.291855610907078,13.046871900696235,0.647
81,30,1000,50,3,0.05,5,0.1,808.2384486710653,9.675460744844257,0.968,3.194961096625775,16.09983152394617,0.789
302,30,1000,10,3,0.05,5,0.1,580.7032579183578,9.768720744783142,0.946,3.430737540125847,7.742143065822336,0.958
345,50,1000,10,3,0.05,5,0.1,821.4638414531946,9.415464202445827,0.966,3.52981561049819,8.385365461448123,0.957
394,30,1000,30,3,0.05,5,0.1,1328.005373802036,13.198586765109228,0.963,3.423458304256201,10.841547694826804,0.625
370,50,1000,10,3,0.05,5,0.1,527.7828518077731,10.474707874561954,0.954,3.799346424639225,6.935615203725999,0.964
337,30,1000,10,3,0.05,5,0.1,1064.355326358229,14.47260942573958,0.949,3.295625939965248,12.190665539131576,0.459
339,30,1000,10,3,0.05,5,0.1,518.5559917911887,7.918150369014288,0.948,3.3355336636304855,11.119300365467376,0.967
385,10,1000,30,3,0.05,5,0.1,1828.9897201433776,9.120349933028324,0.946,3.2701455391943455,16.253976193640277,0.5
90,10,1000,50,3,0.05,5,0.1,1721.2029672400097,10.424598671535668,0.916,3.2499633859843016,16.323361294837508,0.419
313,10,1000,10,3,0.05,5,0.1,1265.4204444736242,10.256123604079724,0.953,3.0817529000341892,19.76859923890468,0.505
