,CELL_ID,CELL_TYPE,CELL_CLASS
153,154,Tumor 1,Tumor
1693,1694,Tumor 4,Tumor
1801,1802,Tumor 2 (Ki67 Proliferating),Tumor
1810,1811,Tumor 4,Tumor
1803,1804,Tumor 3,Tumor
1797,1798,Tumor 3,Tumor
1799,1800,Tumor 4,Tumor
1804,1805,Tumor 4,Tumor
1781,1782,Tumor 6 / DC,Tumor
1749,1750,Tumor 4,Tumor
1746,1747,Tumor 1,Tumor
1802,1803,Tumor 6 / DC,Tumor
395,396,Tumor 6 / DC,Tumor
1703,1704,Tumor 1,Tumor
939,940,Tumor 1,Tumor
1039,1040,Tumor 1,Tumor
1766,1767,Tumor 4,Tumor
1750,1751,Tumor 1,Tumor
1762,1763,Tumor 1,Tumor
996,997,Tumor 3,Tumor
1794,1795,Tumor 7,Tumor
1816,1817,Tumor 4,Tumor
1815,1816,Tumor 4,Tumor
1813,1814,Tumor 4,Tumor
1780,1781,Tumor 6 / DC,Tumor
1793,1794,Tumor 6 / DC,Tumor
1795,1796,Tumor 7,Tumor
1798,1799,Tumor 7,Tumor
1788,1789,Tumor 7,Tumor
45,46,Tumor 7,Tumor
28,29,Tumor 4,Tumor
32,33,Tumor 1,Tumor
5,6,Tumor 2 (Ki67 Proliferating),Tumor
14,15,Tumor 4,Tumor
194,195,Tumor 1,Tumor
434,435,Tumor 4,Tumor
449,450,Tumor 6 / DC,Tumor
443,444,Tumor 6 / DC,Tumor
298,299,Tumor 4,Tumor
1537,1538,Tumor 1,Tumor
1370,1371,Tumor 7,Tumor
1369,1370,Tumor 3,Tumor
1691,1692,Tumor 1,Tumor
1654,1655,Tumor 7,Tumor
1641,1642,Tumor 1,Tumor
1674,1675,Tumor 1,Tumor
1611,1612,Tumor 1,Tumor
1701,1702,Tumor 1,Tumor
1632,1633,Tumor 1,Tumor
1587,1588,Tumor 1,Tumor
1684,1685,Tumor 6 / DC,Tumor
1724,1725,Tumor 7,Tumor
1748,1749,Tumor 4,Tumor
1663,1664,Tumor 6 / DC,Tumor
572,573,Tumor 1,Tumor
618,619,Tumor 1,Tumor
291,292,Tumor 2 (Ki67 Proliferating),Tumor
699,700,Tumor 4,Tumor
317,318,Tumor 2 (Ki67 Proliferating),Tumor
306,307,Tumor 3,Tumor
299,300,Tumor 7,Tumor
980,981,Tumor 7,Tumor
1000,1001,Tumor 3,Tumor
195,196,Tumor 1,Tumor
801,802,Tumor 4,Tumor
832,833,Tumor 3,Tumor
808,809,Tumor 4,Tumor
633,634,Tumor 1,Tumor
635,636,Tumor 1,Tumor
841,842,Tumor 3,Tumor
884,885,Tumor 3,Tumor
1190,1191,Tumor 1,Tumor
1764,1765,Tumor 7,Tumor
1768,1769,Tumor 1,Tumor
1772,1773,Tumor 1,Tumor
1747,1748,Tumor 7,Tumor
1758,1759,Tumor 1,Tumor
1757,1758,Tumor 7,Tumor
1754,1755,Tumor 7,Tumor
1051,1052,Tumor 4,Tumor
990,991,Tumor 4,Tumor
1773,1774,Tumor 1,Tumor
151,152,Tumor 2 (Ki67 Proliferating),Tumor
275,276,Tumor 3,Tumor
282,283,Tumor 3,Tumor
6,7,Tumor 4,Tumor
397,398,Tumor 1,Tumor
115,116,Tumor 7,Tumor
22,23,Tumor 1,Tumor
629,630,Tumor 7,Tumor
192,193,Tumor 1,Tumor
173,174,Tumor 1,Tumor
303,304,Tumor 6 / DC,Tumor
206,207,Tumor 4,Tumor
197,198,Tumor 7,Tumor
211,212,Tumor 1,Tumor
911,912,Tumor 4,Tumor
909,910,Tumor 4,Tumor
1585,1586,Tumor 7,Tumor
1580,1581,Tumor 1,Tumor
1558,1559,Tumor 7,Tumor
1158,1159,Tumor 2 (Ki67 Proliferating),Tumor
1178,1179,Tumor 4,Tumor
1336,1337,Tumor 2 (Ki67 Proliferating),Tumor
1260,1261,Tumor 2 (Ki67 Proliferating),Tumor
1129,1130,Tumor 4,Tumor
1338,1339,Tumor 7,Tumor
1426,1427,Tumor 7,Tumor
1404,1405,Tumor 2 (Ki67 Proliferating),Tumor
1417,1418,Tumor 2 (Ki67 Proliferating),Tumor
1395,1396,Tumor 7,Tumor
1379,1380,Tumor 2 (Ki67 Proliferating),Tumor
1311,1312,Tumor 2 (Ki67 Proliferating),Tumor
1373,1374,Tumor 7,Tumor
1333,1334,Tumor 2 (Ki67 Proliferating),Tumor
1244,1245,Tumor 4,Tumor
1270,1271,Tumor 2 (Ki67 Proliferating),Tumor
1465,1466,Tumor 7,Tumor
1451,1452,Tumor 1,Tumor
1427,1428,Tumor 6 / DC,Tumor
1546,1547,Tumor 3,Tumor
1425,1426,Tumor 7,Tumor
1416,1417,Tumor 2 (Ki67 Proliferating),Tumor
1415,1416,Tumor 1,Tumor
1695,1696,Tumor 1,Tumor
1741,1742,Tumor 4,Tumor
271,272,Tumor 3,Tumor
285,286,Tumor 4,Tumor
322,323,Tumor 4,Tumor
304,305,Tumor 4,Tumor
135,136,Tumor 7,Tumor
425,426,Tumor 2 (Ki67 Proliferating),Tumor
419,420,Tumor 4,Tumor
426,427,Tumor 4,Tumor
385,386,Tumor 2 (Ki67 Proliferating),Tumor
406,407,Tumor 2 (Ki67 Proliferating),Tumor
287,288,Tumor 4,Tumor
312,313,Tumor 2 (Ki67 Proliferating),Tumor
611,612,Tumor 2 (Ki67 Proliferating),Tumor
400,401,Tumor 3,Tumor
331,332,Tumor 1,Tumor
343,344,Tumor 7,Tumor
249,250,Tumor 7,Tumor
501,502,Tumor 2 (Ki67 Proliferating),Tumor
463,464,Tumor 2 (Ki67 Proliferating),Tumor
341,342,Tumor 2 (Ki67 Proliferating),Tumor
430,431,Tumor 2 (Ki67 Proliferating),Tumor
363,364,Tumor 2 (Ki67 Proliferating),Tumor
1082,1083,Tumor 4,Tumor
1023,1024,Tumor 4,Tumor
145,146,Tumor 4,Tumor
185,186,Tumor 1,Tumor
239,240,Tumor 3,Tumor
215,216,Tumor 2 (Ki67 Proliferating),Tumor
265,266,Tumor 4,Tumor
277,278,Tumor 7,Tumor
332,333,Tumor 2 (Ki67 Proliferating),Tumor
325,326,Tumor 7,Tumor
307,308,Tumor 6 / DC,Tumor
798,799,Tumor 2 (Ki67 Proliferating),Tumor
831,832,Tumor 4,Tumor
783,784,Tumor 3,Tumor
786,787,Tumor 4,Tumor
827,828,Tumor 2 (Ki67 Proliferating),Tumor
749,750,Tumor 3,Tumor
726,727,Tumor 3,Tumor
656,657,Tumor 6 / DC,Tumor
917,918,Tumor 3,Tumor
948,949,Tumor 4,Tumor
919,920,Tumor 4,Tumor
1050,1051,Tumor 3,Tumor
1080,1081,Tumor 7,Tumor
1015,1016,Tumor 4,Tumor
809,810,Tumor 2 (Ki67 Proliferating),Tumor
835,836,Tumor 2 (Ki67 Proliferating),Tumor
1279,1280,Tumor 1,Tumor
1307,1308,Tumor 1,Tumor
1235,1236,Tumor 4,Tumor
1234,1235,Tumor 3,Tumor
1760,1761,Tumor 1,Tumor
1767,1768,Tumor 1,Tumor
1061,1062,Tumor 3,Tumor
1081,1082,Tumor 3,Tumor
803,804,Tumor 4,Tumor
873,874,Tumor 4,Tumor
1038,1039,Tumor 2 (Ki67 Proliferating),Tumor
1054,1055,Tumor 4,Tumor
209,210,Tumor 7,Tumor
186,187,Tumor 7,Tumor
200,201,Tumor 7,Tumor
82,83,Tumor 7,Tumor
83,84,Tumor 7,Tumor
188,189,Tumor 1,Tumor
196,197,Tumor 7,Tumor
223,224,Tumor 7,Tumor
193,194,Tumor 1,Tumor
156,157,Tumor 1,Tumor
167,168,Tumor 1,Tumor
168,169,Tumor 2 (Ki67 Proliferating),Tumor
24,25,Tumor 3,Tumor
47,48,Tumor 7,Tumor
29,30,Tumor 1,Tumor
485,486,Tumor 2 (Ki67 Proliferating),Tumor
42,43,Tumor 7,Tumor
16,17,Tumor 1,Tumor
957,958,Tumor 4,Tumor
736,737,Tumor 3,Tumor
686,687,Tumor 1,Tumor
864,865,Tumor 4,Tumor
893,894,Tumor 4,Tumor
888,889,Tumor 4,Tumor
891,892,Tumor 4,Tumor
390,391,Tumor 1,Tumor
489,490,Tumor 3,Tumor
477,478,Tumor 4,Tumor
407,408,Tumor 3,Tumor
450,451,Tumor 3,Tumor
396,397,Tumor 7,Tumor
415,416,Tumor 6 / DC,Tumor
417,418,Tumor 7,Tumor
549,550,Tumor 4,Tumor
535,536,Tumor 4,Tumor
370,371,Tumor 1,Tumor
490,491,Tumor 3,Tumor
1186,1187,Tumor 4,Tumor
1115,1116,Tumor 3,Tumor
1130,1131,Tumor 2 (Ki67 Proliferating),Tumor
1173,1174,Tumor 6 / DC,Tumor
1203,1204,Tumor 7,Tumor
1239,1240,Tumor 6 / DC,Tumor
1159,1160,Tumor 4,Tumor
1220,1221,Tumor 4,Tumor
1315,1316,Tumor 3,Tumor
1498,1499,Tumor 2 (Ki67 Proliferating),Tumor
1246,1247,Tumor 3,Tumor
1526,1527,Tumor 3,Tumor
1301,1302,Tumor 1,Tumor
1344,1345,Tumor 1,Tumor
1288,1289,Tumor 2 (Ki67 Proliferating),Tumor
1332,1333,Tumor 1,Tumor
1063,1064,Tumor 1,Tumor
1118,1119,Tumor 4,Tumor
1085,1086,Tumor 1,Tumor
1027,1028,Tumor 4,Tumor
1134,1135,Tumor 1,Tumor
1163,1164,Tumor 3,Tumor
586,587,Tumor 1,Tumor
626,627,Tumor 1,Tumor
646,647,Tumor 1,Tumor
311,312,Tumor 4,Tumor
340,341,Tumor 1,Tumor
268,269,Tumor 3,Tumor
378,379,Tumor 2 (Ki67 Proliferating),Tumor
410,411,Tumor 2 (Ki67 Proliferating),Tumor
409,410,Tumor 3,Tumor
399,400,Tumor 1,Tumor
374,375,Tumor 2 (Ki67 Proliferating),Tumor
308,309,Tumor 2 (Ki67 Proliferating),Tumor
283,284,Tumor 1,Tumor
323,324,Tumor 7,Tumor
329,330,Tumor 2 (Ki67 Proliferating),Tumor
347,348,Tumor 4,Tumor
176,177,Tumor 2 (Ki67 Proliferating),Tumor
250,251,Tumor 7,Tumor
244,245,Tumor 1,Tumor
246,247,Tumor 2 (Ki67 Proliferating),Tumor
267,268,Tumor 2 (Ki67 Proliferating),Tumor
264,265,Tumor 1,Tumor
230,231,Tumor 3,Tumor
252,253,Tumor 2 (Ki67 Proliferating),Tumor
573,574,Tumor 2 (Ki67 Proliferating),Tumor
302,303,Tumor 2 (Ki67 Proliferating),Tumor
279,280,Tumor 2 (Ki67 Proliferating),Tumor
313,314,Tumor 2 (Ki67 Proliferating),Tumor
324,325,Tumor 2 (Ki67 Proliferating),Tumor
213,214,Tumor 2 (Ki67 Proliferating),Tumor
526,527,Tumor 2 (Ki67 Proliferating),Tumor
460,461,Tumor 4,Tumor
1277,1278,Tumor 7,Tumor
1278,1279,Tumor 1,Tumor
1306,1307,Tumor 7,Tumor
241,242,Tumor 2 (Ki67 Proliferating),Tumor
259,260,Tumor 1,Tumor
260,261,Tumor 2 (Ki67 Proliferating),Tumor
203,204,Tumor 3,Tumor
226,227,Tumor 3,Tumor
245,246,Tumor 3,Tumor
187,188,Tumor 1,Tumor
214,215,Tumor 2 (Ki67 Proliferating),Tumor
190,191,Tumor 2 (Ki67 Proliferating),Tumor
179,180,Tumor 1,Tumor
234,235,Tumor 1,Tumor
222,223,Tumor 7,Tumor
647,648,Tumor 1,Tumor
608,609,Tumor 3,Tumor
942,943,Tumor 3,Tumor
600,601,Tumor 6 / DC,Tumor
769,770,Tumor 4,Tumor
722,723,Tumor 3,Tumor
811,812,Tumor 3,Tumor
846,847,Tumor 3,Tumor
807,808,Tumor 4,Tumor
857,858,Tumor 3,Tumor
986,987,Tumor 3,Tumor
1232,1233,Tumor 4,Tumor
1182,1183,Tumor 4,Tumor
1269,1270,Tumor 4,Tumor
1200,1201,Tumor 6 / DC,Tumor
628,629,Tumor 7,Tumor
634,635,Tumor 2 (Ki67 Proliferating),Tumor
871,872,Tumor 4,Tumor
890,891,Tumor 4,Tumor
784,785,Tumor 4,Tumor
738,739,Tumor 3,Tumor
770,771,Tumor 2 (Ki67 Proliferating),Tumor
796,797,Tumor 2 (Ki67 Proliferating),Tumor
753,754,Tumor 2 (Ki67 Proliferating),Tumor
704,705,Tumor 4,Tumor
709,710,Tumor 2 (Ki67 Proliferating),Tumor
742,743,Tumor 3,Tumor
695,696,Tumor 2 (Ki67 Proliferating),Tumor
838,839,Tumor 3,Tumor
868,869,Tumor 2 (Ki67 Proliferating),Tumor
858,859,Tumor 1,Tumor
710,711,Tumor 3,Tumor
775,776,Tumor 2 (Ki67 Proliferating),Tumor
842,843,Tumor 4,Tumor
851,852,Tumor 2 (Ki67 Proliferating),Tumor
1104,1105,Tumor 1,Tumor
1151,1152,Tumor 4,Tumor
1068,1069,Tumor 3,Tumor
1046,1047,Tumor 3,Tumor
1066,1067,Tumor 1,Tumor
1108,1109,Tumor 7,Tumor
1226,1227,Tumor 1,Tumor
1156,1157,Tumor 1,Tumor
1751,1752,Tumor 7,Tumor
1752,1753,Tumor 1,Tumor
694,695,Tumor 3,Tumor
539,540,Tumor 2 (Ki67 Proliferating),Tumor
943,944,Tumor 7,Tumor
1065,1066,Tumor 4,Tumor
1022,1023,Tumor 4,Tumor
1016,1017,Tumor 4,Tumor
978,979,Tumor 3,Tumor
928,929,Tumor 3,Tumor
1753,1754,Tumor 1,Tumor
1771,1772,Tumor 1,Tumor
1775,1776,Tumor 7,Tumor
1774,1775,Tumor 7,Tumor
1770,1771,Tumor 7,Tumor
1759,1760,Tumor 7,Tumor
1763,1764,Tumor 7,Tumor
1112,1113,Tumor 3,Tumor
1289,1290,Tumor 3,Tumor
1350,1351,Tumor 4,Tumor
1300,1301,Tumor 3,Tumor
1072,1073,Tumor 7,Tumor
1467,1468,Tumor 7,Tumor
1335,1336,Tumor 3,Tumor
1435,1436,Tumor 4,Tumor
999,1000,Tumor 3,Tumor
1593,1594,Tumor 7,Tumor
1620,1621,Tumor 2 (Ki67 Proliferating),Tumor
1679,1680,Tumor 3,Tumor
1671,1672,Tumor 4,Tumor
1738,1739,Tumor 1,Tumor
1745,1746,Tumor 6 / DC,Tumor
1744,1745,Tumor 1,Tumor
1683,1684,Tumor 1,Tumor
1725,1726,Tumor 7,Tumor
1709,1710,Tumor 1,Tumor
1351,1352,Tumor 7,Tumor
1309,1310,Tumor 7,Tumor
1533,1534,Tumor 7,Tumor
1578,1579,Tumor 3,Tumor
159,160,Tumor 2 (Ki67 Proliferating),Tumor
174,175,Tumor 1,Tumor
157,158,Tumor 1,Tumor
147,148,Tumor 2 (Ki67 Proliferating),Tumor
263,264,Tumor 3,Tumor
88,89,Tumor 2 (Ki67 Proliferating),Tumor
569,570,Tumor 2 (Ki67 Proliferating),Tumor
558,559,Tumor 3,Tumor
523,524,Tumor 2 (Ki67 Proliferating),Tumor
615,616,Tumor 4,Tumor
602,603,Tumor 4,Tumor
603,604,Tumor 2 (Ki67 Proliferating),Tumor
25,26,Tumor 7,Tumor
35,36,Tumor 1,Tumor
781,782,Tumor 4,Tumor
684,685,Tumor 1,Tumor
819,820,Tumor 4,Tumor
794,795,Tumor 4,Tumor
958,959,Tumor 4,Tumor
993,994,Tumor 3,Tumor
968,969,Tumor 1,Tumor
910,911,Tumor 4,Tumor
886,887,Tumor 6 / DC,Tumor
898,899,Tumor 4,Tumor
823,824,Tumor 1,Tumor
843,844,Tumor 4,Tumor
862,863,Tumor 7,Tumor
859,860,Tumor 7,Tumor
818,819,Tumor 6 / DC,Tumor
789,790,Tumor 4,Tumor
677,678,Tumor 7,Tumor
776,777,Tumor 6 / DC,Tumor
944,945,Tumor 4,Tumor
849,850,Tumor 4,Tumor
940,941,Tumor 4,Tumor
905,906,Tumor 4,Tumor
889,890,Tumor 4,Tumor
899,900,Tumor 4,Tumor
878,879,Tumor 1,Tumor
879,880,Tumor 4,Tumor
970,971,Tumor 3,Tumor
388,389,Tumor 4,Tumor
566,567,Tumor 7,Tumor
575,576,Tumor 7,Tumor
451,452,Tumor 3,Tumor
418,419,Tumor 4,Tumor
515,516,Tumor 1,Tumor
471,472,Tumor 4,Tumor
432,433,Tumor 7,Tumor
351,352,Tumor 4,Tumor
328,329,Tumor 3,Tumor
373,374,Tumor 4,Tumor
354,355,Tumor 4,Tumor
345,346,Tumor 4,Tumor
335,336,Tumor 1,Tumor
391,392,Tumor 7,Tumor
437,438,Tumor 4,Tumor
404,405,Tumor 4,Tumor
429,430,Tumor 1,Tumor
469,470,Tumor 3,Tumor
1116,1117,Tumor 2 (Ki67 Proliferating),Tumor
1099,1100,Tumor 2 (Ki67 Proliferating),Tumor
966,967,Tumor 4,Tumor
965,966,Tumor 3,Tumor
945,946,Tumor 4,Tumor
929,930,Tumor 4,Tumor
974,975,Tumor 4,Tumor
971,972,Tumor 2 (Ki67 Proliferating),Tumor
926,927,Tumor 4,Tumor
941,942,Tumor 4,Tumor
975,976,Tumor 4,Tumor
728,729,Tumor 4,Tumor
601,602,Tumor 3,Tumor
581,582,Tumor 1,Tumor
529,530,Tumor 4,Tumor
630,631,Tumor 6 / DC,Tumor
576,577,Tumor 3,Tumor
627,628,Tumor 4,Tumor
1271,1272,Tumor 2 (Ki67 Proliferating),Tumor
1256,1257,Tumor 6 / DC,Tumor
1185,1186,Tumor 2 (Ki67 Proliferating),Tumor
1240,1241,Tumor 2 (Ki67 Proliferating),Tumor
1217,1218,Tumor 6 / DC,Tumor
1174,1175,Tumor 2 (Ki67 Proliferating),Tumor
1204,1205,Tumor 2 (Ki67 Proliferating),Tumor
1257,1258,Tumor 6 / DC,Tumor
1147,1148,Tumor 6 / DC,Tumor
1615,1616,Tumor 2 (Ki67 Proliferating),Tumor
1563,1564,Tumor 2 (Ki67 Proliferating),Tumor
1083,1084,Tumor 7,Tumor
1047,1048,Tumor 4,Tumor
1136,1137,Tumor 4,Tumor
1263,1264,Tumor 7,Tumor
1662,1663,Tumor 6 / DC,Tumor
227,228,Tumor 4,Tumor
392,393,Tumor 1,Tumor
309,310,Tumor 4,Tumor
319,320,Tumor 2 (Ki67 Proliferating),Tumor
301,302,Tumor 2 (Ki67 Proliferating),Tumor
278,279,Tumor 7,Tumor
181,182,Tumor 3,Tumor
218,219,Tumor 2 (Ki67 Proliferating),Tumor
580,581,Tumor 4,Tumor
508,509,Tumor 2 (Ki67 Proliferating),Tumor
565,566,Tumor 2 (Ki67 Proliferating),Tumor
543,544,Tumor 3,Tumor
554,555,Tumor 2 (Ki67 Proliferating),Tumor
462,463,Tumor 3,Tumor
210,211,Tumor 7,Tumor
217,218,Tumor 2 (Ki67 Proliferating),Tumor
228,229,Tumor 2 (Ki67 Proliferating),Tumor
166,167,Tumor 1,Tumor
199,200,Tumor 7,Tumor
422,423,Tumor 3,Tumor
349,350,Tumor 1,Tumor
552,553,Tumor 3,Tumor
494,495,Tumor 4,Tumor
538,539,Tumor 3,Tumor
439,440,Tumor 1,Tumor
562,563,Tumor 5,Tumor
585,586,Tumor 1,Tumor
606,607,Tumor 1,Tumor
507,508,Tumor 3,Tumor
445,446,Tumor 3,Tumor
456,457,Tumor 3,Tumor
488,489,Tumor 1,Tumor
514,515,Tumor 7,Tumor
759,760,Tumor 4,Tumor
705,706,Tumor 3,Tumor
651,652,Tumor 4,Tumor
623,624,Tumor 2 (Ki67 Proliferating),Tumor
631,632,Tumor 3,Tumor
741,742,Tumor 3,Tumor
750,751,Tumor 4,Tumor
757,758,Tumor 3,Tumor
885,886,Tumor 4,Tumor
780,781,Tumor 3,Tumor
952,953,Tumor 4,Tumor
976,977,Tumor 4,Tumor
895,896,Tumor 4,Tumor
894,895,Tumor 3,Tumor
916,917,Tumor 4,Tumor
1142,1143,Tumor 2 (Ki67 Proliferating),Tumor
1132,1133,Tumor 4,Tumor
1105,1106,Tumor 2 (Ki67 Proliferating),Tumor
989,990,Tumor 3,Tumor
949,950,Tumor 3,Tumor
927,928,Tumor 4,Tumor
1221,1222,Tumor 3,Tumor
1248,1249,Tumor 2 (Ki67 Proliferating),Tumor
1223,1224,Tumor 4,Tumor
1188,1189,Tumor 3,Tumor
1261,1262,Tumor 3,Tumor
1258,1259,Tumor 4,Tumor
1208,1209,Tumor 4,Tumor
1314,1315,Tumor 4,Tumor
724,725,Tumor 3,Tumor
839,840,Tumor 2 (Ki67 Proliferating),Tumor
855,856,Tumor 4,Tumor
816,817,Tumor 3,Tumor
856,857,Tumor 3,Tumor
766,767,Tumor 3,Tumor
822,823,Tumor 3,Tumor
828,829,Tumor 3,Tumor
711,712,Tumor 3,Tumor
723,724,Tumor 1,Tumor
729,730,Tumor 2 (Ki67 Proliferating),Tumor
746,747,Tumor 3,Tumor
1180,1181,Tumor 1,Tumor
1225,1226,Tumor 7,Tumor
1097,1098,Tumor 4,Tumor
1126,1127,Tumor 7,Tumor
1320,1321,Tumor 7,Tumor
707,708,Tumor 7,Tumor
513,514,Tumor 3,Tumor
455,456,Tumor 7,Tumor
457,458,Tumor 7,Tumor
719,720,Tumor 3,Tumor
1124,1125,Tumor 3,Tumor
1055,1056,Tumor 4,Tumor
1096,1097,Tumor 7,Tumor
1095,1096,Tumor 3,Tumor
1107,1108,Tumor 3,Tumor
1103,1104,Tumor 1,Tumor
1420,1421,Tumor 4,Tumor
1462,1463,Tumor 4,Tumor
1439,1440,Tumor 4,Tumor
1384,1385,Tumor 3,Tumor
1356,1357,Tumor 7,Tumor
1114,1115,Tumor 4,Tumor
1043,1044,Tumor 4,Tumor
1140,1141,Tumor 7,Tumor
1150,1151,Tumor 7,Tumor
1057,1058,Tumor 4,Tumor
1056,1057,Tumor 3,Tumor
1290,1291,Tumor 1,Tumor
1133,1134,Tumor 3,Tumor
1447,1448,Tumor 4,Tumor
1484,1485,Tumor 1,Tumor
1513,1514,Tumor 1,Tumor
1515,1516,Tumor 7,Tumor
1706,1707,Tumor 7,Tumor
1644,1645,Tumor 1,Tumor
1625,1626,Tumor 1,Tumor
1601,1602,Tumor 3,Tumor
128,129,Tumor 7,Tumor
146,147,Tumor 7,Tumor
144,145,Tumor 7,Tumor
98,99,Tumor 7,Tumor
103,104,Tumor 7,Tumor
169,170,Tumor 7,Tumor
155,156,Tumor 6 / DC,Tumor
77,78,Tumor 2 (Ki67 Proliferating),Tumor
64,65,Tumor 2 (Ki67 Proliferating),Tumor
95,96,Tumor 7,Tumor
122,123,Tumor 2 (Ki67 Proliferating),Tumor
161,162,Tumor 2 (Ki67 Proliferating),Tumor
130,131,Tumor 7,Tumor
170,171,Tumor 1,Tumor
8,9,Tumor 2 (Ki67 Proliferating),Tumor
758,759,Tumor 4,Tumor
773,774,Tumor 3,Tumor
664,665,Tumor 3,Tumor
662,663,Tumor 4,Tumor
754,755,Tumor 4,Tumor
730,731,Tumor 4,Tumor
717,718,Tumor 2 (Ki67 Proliferating),Tumor
26,27,Tumor 3,Tumor
49,50,Tumor 7,Tumor
876,877,Tumor 3,Tumor
863,864,Tumor 1,Tumor
872,873,Tumor 4,Tumor
804,805,Tumor 4,Tumor
847,848,Tumor 4,Tumor
829,830,Tumor 4,Tumor
772,773,Tumor 4,Tumor
834,835,Tumor 4,Tumor
756,757,Tumor 1,Tumor
883,884,Tumor 1,Tumor
881,882,Tumor 3,Tumor
867,868,Tumor 7,Tumor
963,964,Tumor 1,Tumor
1002,1003,Tumor 1,Tumor
779,780,Tumor 4,Tumor
814,815,Tumor 1,Tumor
788,789,Tumor 4,Tumor
752,753,Tumor 1,Tumor
767,768,Tumor 1,Tumor
768,769,Tumor 4,Tumor
735,736,Tumor 1,Tumor
706,707,Tumor 1,Tumor
721,722,Tumor 1,Tumor
923,924,Tumor 6 / DC,Tumor
887,888,Tumor 4,Tumor
921,922,Tumor 4,Tumor
951,952,Tumor 4,Tumor
936,937,Tumor 4,Tumor
964,965,Tumor 4,Tumor
981,982,Tumor 3,Tumor
979,980,Tumor 3,Tumor
1102,1103,Tumor 4,Tumor
1164,1165,Tumor 3,Tumor
1127,1128,Tumor 3,Tumor
1287,1288,Tumor 1,Tumor
1008,1009,Tumor 4,Tumor
1157,1158,Tumor 1,Tumor
1165,1166,Tumor 4,Tumor
1177,1178,Tumor 7,Tumor
1006,1007,Tumor 4,Tumor
1020,1021,Tumor 4,Tumor
1079,1080,Tumor 4,Tumor
1069,1070,Tumor 4,Tumor
1148,1149,Tumor 4,Tumor
1067,1068,Tumor 4,Tumor
959,960,Tumor 1,Tumor
982,983,Tumor 4,Tumor
1028,1029,Tumor 4,Tumor
1003,1004,Tumor 4,Tumor
953,954,Tumor 1,Tumor
403,404,Tumor 1,Tumor
402,403,Tumor 1,Tumor
393,394,Tumor 3,Tumor
357,358,Tumor 3,Tumor
384,385,Tumor 1,Tumor
414,415,Tumor 1,Tumor
790,791,Tumor 3,Tumor
658,659,Tumor 3,Tumor
542,543,Tumor 3,Tumor
531,532,Tumor 3,Tumor
642,643,Tumor 4,Tumor
596,597,Tumor 3,Tumor
1554,1555,Tumor 4,Tumor
1522,1523,Tumor 1,Tumor
1550,1551,Tumor 4,Tumor
1525,1526,Tumor 3,Tumor
1449,1450,Tumor 1,Tumor
1476,1477,Tumor 3,Tumor
1316,1317,Tumor 4,Tumor
1286,1287,Tumor 2 (Ki67 Proliferating),Tumor
1241,1242,Tumor 4,Tumor
1711,1712,Tumor 4,Tumor
1666,1667,Tumor 6 / DC,Tumor
1715,1716,Tumor 6 / DC,Tumor
1538,1539,Tumor 7,Tumor
1461,1462,Tumor 7,Tumor
1507,1508,Tumor 3,Tumor
1604,1605,Tumor 4,Tumor
1428,1429,Tumor 6 / DC,Tumor
1487,1488,Tumor 4,Tumor
1313,1314,Tumor 4,Tumor
1295,1296,Tumor 3,Tumor
1424,1425,Tumor 4,Tumor
1297,1298,Tumor 1,Tumor
1360,1361,Tumor 2 (Ki67 Proliferating),Tumor
1194,1195,Tumor 3,Tumor
1431,1432,Tumor 4,Tumor
1353,1354,Tumor 4,Tumor
1678,1679,Tumor 1,Tumor
1325,1326,Tumor 2 (Ki67 Proliferating),Tumor
1198,1199,Tumor 4,Tumor
1787,1788,Tumor 1,Tumor
1602,1603,Tumor 2 (Ki67 Proliferating),Tumor
1570,1571,Tumor 6 / DC,Tumor
1630,1631,Tumor 7,Tumor
1551,1552,Tumor 4,Tumor
1566,1567,Tumor 3,Tumor
1122,1123,Tumor 4,Tumor
1092,1093,Tumor 2 (Ki67 Proliferating),Tumor
1089,1090,Tumor 2 (Ki67 Proliferating),Tumor
1161,1162,Tumor 4,Tumor
1109,1110,Tumor 1,Tumor
1077,1078,Tumor 4,Tumor
1184,1185,Tumor 1,Tumor
1098,1099,Tumor 4,Tumor
1062,1063,Tumor 4,Tumor
1024,1025,Tumor 4,Tumor
1199,1200,Tumor 1,Tumor
1176,1177,Tumor 3,Tumor
1214,1215,Tumor 7,Tumor
1202,1203,Tumor 4,Tumor
1698,1699,Tumor 7,Tumor
1512,1513,Tumor 6 / DC,Tumor
1648,1649,Tumor 6 / DC,Tumor
1368,1369,Tumor 4,Tumor
288,289,Tumor 7,Tumor
361,362,Tumor 2 (Ki67 Proliferating),Tumor
375,376,Tumor 2 (Ki67 Proliferating),Tumor
440,441,Tumor 2 (Ki67 Proliferating),Tumor
464,465,Tumor 3,Tumor
394,395,Tumor 4,Tumor
364,365,Tumor 3,Tumor
336,337,Tumor 3,Tumor
327,328,Tumor 2 (Ki67 Proliferating),Tumor
368,369,Tumor 1,Tumor
355,356,Tumor 1,Tumor
344,345,Tumor 3,Tumor
284,285,Tumor 3,Tumor
358,359,Tumor 4,Tumor
334,335,Tumor 3,Tumor
238,239,Tumor 1,Tumor
236,237,Tumor 7,Tumor
253,254,Tumor 2 (Ki67 Proliferating),Tumor
177,178,Tumor 3,Tumor
470,471,Tumor 2 (Ki67 Proliferating),Tumor
505,506,Tumor 2 (Ki67 Proliferating),Tumor
481,482,Tumor 2 (Ki67 Proliferating),Tumor
504,505,Tumor 2 (Ki67 Proliferating),Tumor
487,488,Tumor 2 (Ki67 Proliferating),Tumor
231,232,Tumor 2 (Ki67 Proliferating),Tumor
207,208,Tumor 1,Tumor
509,510,Tumor 3,Tumor
690,691,Tumor 4,Tumor
517,518,Tumor 2 (Ki67 Proliferating),Tumor
564,565,Tumor 4,Tumor
570,571,Tumor 2 (Ki67 Proliferating),Tumor
587,588,Tumor 3,Tumor
676,677,Tumor 7,Tumor
138,139,Tumor 2 (Ki67 Proliferating),Tumor
289,290,Tumor 3,Tumor
371,372,Tumor 3,Tumor
447,448,Tumor 3,Tumor
416,417,Tumor 3,Tumor
427,428,Tumor 3,Tumor
472,473,Tumor 3,Tumor
465,466,Tumor 3,Tumor
495,496,Tumor 1,Tumor
955,956,Tumor 2 (Ki67 Proliferating),Tumor
956,957,Tumor 4,Tumor
853,854,Tumor 4,Tumor
861,862,Tumor 4,Tumor
869,870,Tumor 4,Tumor
805,806,Tumor 4,Tumor
782,783,Tumor 4,Tumor
850,851,Tumor 3,Tumor
854,855,Tumor 3,Tumor
870,871,Tumor 4,Tumor
972,973,Tumor 4,Tumor
947,948,Tumor 4,Tumor
992,993,Tumor 3,Tumor
962,963,Tumor 4,Tumor
938,939,Tumor 4,Tumor
954,955,Tumor 4,Tumor
836,837,Tumor 4,Tumor
882,883,Tumor 4,Tumor
840,841,Tumor 4,Tumor
860,861,Tumor 3,Tumor
1191,1192,Tumor 3,Tumor
1106,1107,Tumor 2 (Ki67 Proliferating),Tumor
1282,1283,Tumor 3,Tumor
1266,1267,Tumor 6 / DC,Tumor
1274,1275,Tumor 2 (Ki67 Proliferating),Tumor
994,995,Tumor 3,Tumor
1011,1012,Tumor 4,Tumor
960,961,Tumor 4,Tumor
1012,1013,Tumor 4,Tumor
1249,1250,Tumor 2 (Ki67 Proliferating),Tumor
1247,1248,Tumor 4,Tumor
1291,1292,Tumor 4,Tumor
1262,1263,Tumor 3,Tumor
1041,1042,Tumor 4,Tumor
987,988,Tumor 2 (Ki67 Proliferating),Tumor
696,697,Tumor 1,Tumor
625,626,Tumor 1,Tumor
643,644,Tumor 3,Tumor
599,600,Tumor 7,Tumor
547,548,Tumor 7,Tumor
551,552,Tumor 1,Tumor
574,575,Tumor 2 (Ki67 Proliferating),Tumor
537,538,Tumor 7,Tumor
1212,1213,Tumor 3,Tumor
1113,1114,Tumor 3,Tumor
1125,1126,Tumor 3,Tumor
1557,1558,Tumor 3,Tumor
1640,1641,Tumor 1,Tumor
1610,1611,Tumor 3,Tumor
1621,1622,Tumor 1,Tumor
1582,1583,Tumor 3,Tumor
1564,1565,Tumor 1,Tumor
1668,1669,Tumor 1,Tumor
1636,1637,Tumor 1,Tumor
1697,1698,Tumor 1,Tumor
1689,1690,Tumor 1,Tumor
1686,1687,Tumor 1,Tumor
1635,1636,Tumor 1,Tumor
1653,1654,Tumor 4,Tumor
1643,1644,Tumor 1,Tumor
1490,1491,Tumor 1,Tumor
141,142,Tumor 2 (Ki67 Proliferating),Tumor
154,155,Tumor 1,Tumor
92,93,Tumor 7,Tumor
73,74,Tumor 2 (Ki67 Proliferating),Tumor
112,113,Tumor 2 (Ki67 Proliferating),Tumor
661,662,Tumor 4,Tumor
708,709,Tumor 4,Tumor
739,740,Tumor 4,Tumor
765,766,Tumor 3,Tumor
713,714,Tumor 3,Tumor
688,689,Tumor 3,Tumor
670,671,Tumor 1,Tumor
743,744,Tumor 1,Tumor
744,745,Tumor 3,Tumor
692,693,Tumor 4,Tumor
737,738,Tumor 1,Tumor
792,793,Tumor 4,Tumor
43,44,Tumor 3,Tumor
55,56,Tumor 3,Tumor
33,34,Tumor 3,Tumor
54,55,Tumor 3,Tumor
34,35,Tumor 3,Tumor
1078,1079,Tumor 4,Tumor
1034,1035,Tumor 3,Tumor
991,992,Tumor 1,Tumor
1073,1074,Tumor 4,Tumor
1052,1053,Tumor 4,Tumor
918,919,Tumor 4,Tumor
1059,1060,Tumor 4,Tumor
1128,1129,Tumor 4,Tumor
1040,1041,Tumor 4,Tumor
1110,1111,Tumor 4,Tumor
1070,1071,Tumor 4,Tumor
1017,1018,Tumor 4,Tumor
1058,1059,Tumor 4,Tumor
1005,1006,Tumor 4,Tumor
458,459,Tumor 3,Tumor
436,437,Tumor 7,Tumor
478,479,Tumor 1,Tumor
500,501,Tumor 3,Tumor
536,537,Tumor 4,Tumor
568,569,Tumor 3,Tumor
522,523,Tumor 3,Tumor
516,517,Tumor 1,Tumor
578,579,Tumor 7,Tumor
563,564,Tumor 3,Tumor
698,699,Tumor 4,Tumor
669,670,Tumor 6 / DC,Tumor
609,610,Tumor 4,Tumor
1500,1501,Tumor 3,Tumor
1534,1535,Tumor 3,Tumor
1437,1438,Tumor 7,Tumor
1459,1460,Tumor 3,Tumor
1405,1406,Tumor 1,Tumor
1406,1407,Tumor 3,Tumor
1362,1363,Tumor 7,Tumor
1329,1330,Tumor 2 (Ki67 Proliferating),Tumor
1390,1391,Tumor 2 (Ki67 Proliferating),Tumor
1253,1254,Tumor 2 (Ki67 Proliferating),Tumor
1299,1300,Tumor 2 (Ki67 Proliferating),Tumor
1267,1268,Tumor 2 (Ki67 Proliferating),Tumor
1228,1229,Tumor 6 / DC,Tumor
1218,1219,Tumor 6 / DC,Tumor
1160,1161,Tumor 2 (Ki67 Proliferating),Tumor
1237,1238,Tumor 3,Tumor
1120,1121,Tumor 2 (Ki67 Proliferating),Tumor
1121,1122,Tumor 3,Tumor
1196,1197,Tumor 4,Tumor
1135,1136,Tumor 4,Tumor
1175,1176,Tumor 4,Tumor
1144,1145,Tumor 7,Tumor
1619,1620,Tumor 4,Tumor
1501,1502,Tumor 3,Tumor
1423,1424,Tumor 6 / DC,Tumor
1699,1700,Tumor 1,Tumor
1673,1674,Tumor 6 / DC,Tumor
1665,1666,Tumor 4,Tumor
1714,1715,Tumor 1,Tumor
360,361,Tumor 2 (Ki67 Proliferating),Tumor
321,322,Tumor 7,Tumor
401,402,Tumor 3,Tumor
381,382,Tumor 1,Tumor
280,281,Tumor 3,Tumor
262,263,Tumor 2 (Ki67 Proliferating),Tumor
272,273,Tumor 2 (Ki67 Proliferating),Tumor
221,222,Tumor 7,Tumor
201,202,Tumor 7,Tumor
189,190,Tumor 3,Tumor
258,259,Tumor 2 (Ki67 Proliferating),Tumor
242,243,Tumor 2 (Ki67 Proliferating),Tumor
233,234,Tumor 2 (Ki67 Proliferating),Tumor
248,249,Tumor 2 (Ki67 Proliferating),Tumor
266,267,Tumor 2 (Ki67 Proliferating),Tumor
295,296,Tumor 7,Tumor
180,181,Tumor 1,Tumor
476,477,Tumor 3,Tumor
1044,1045,Tumor 4,Tumor
1013,1014,Tumor 3,Tumor
969,970,Tumor 4,Tumor
1019,1020,Tumor 4,Tumor
866,867,Tumor 4,Tumor
880,881,Tumor 4,Tumor
912,913,Tumor 4,Tumor
1206,1207,Tumor 3,Tumor
1143,1144,Tumor 2 (Ki67 Proliferating),Tumor
1340,1341,Tumor 4,Tumor
1293,1294,Tumor 4,Tumor
1355,1356,Tumor 2 (Ki67 Proliferating),Tumor
1304,1305,Tumor 2 (Ki67 Proliferating),Tumor
1323,1324,Tumor 1,Tumor
653,654,Tumor 3,Tumor
675,676,Tumor 1,Tumor
680,681,Tumor 3,Tumor
613,614,Tumor 1,Tumor
660,661,Tumor 2 (Ki67 Proliferating),Tumor
681,682,Tumor 2 (Ki67 Proliferating),Tumor
650,651,Tumor 1,Tumor
597,598,Tumor 1,Tumor
527,528,Tumor 3,Tumor
525,526,Tumor 2 (Ki67 Proliferating),Tumor
590,591,Tumor 2 (Ki67 Proliferating),Tumor
518,519,Tumor 2 (Ki67 Proliferating),Tumor
506,507,Tumor 6 / DC,Tumor
561,562,Tumor 2 (Ki67 Proliferating),Tumor
467,468,Tumor 2 (Ki67 Proliferating),Tumor
1285,1286,Tumor 3,Tumor
1327,1328,Tumor 3,Tumor
1575,1576,Tumor 1,Tumor
1527,1528,Tumor 2 (Ki67 Proliferating),Tumor
1544,1545,Tumor 3,Tumor
1559,1560,Tumor 7,Tumor
1722,1723,Tumor 7,Tumor
1735,1736,Tumor 1,Tumor
1545,1546,Tumor 1,Tumor
104,105,Tumor 7,Tumor
80,81,Tumor 3,Tumor
74,75,Tumor 7,Tumor
17,18,Tumor 1,Tumor
13,14,Tumor 3,Tumor
9,10,Tumor 1,Tumor
10,11,Tumor 1,Tumor
31,32,Tumor 7,Tumor
15,16,Tumor 3,Tumor
648,649,Tumor 4,Tumor
679,680,Tumor 4,Tumor
691,692,Tumor 4,Tumor
640,641,Tumor 6 / DC,Tumor
667,668,Tumor 3,Tumor
610,611,Tumor 4,Tumor
1170,1171,Tumor 4,Tumor
1171,1172,Tumor 2 (Ki67 Proliferating),Tumor
1205,1206,Tumor 2 (Ki67 Proliferating),Tumor
1280,1281,Tumor 2 (Ki67 Proliferating),Tumor
1245,1246,Tumor 4,Tumor
1236,1237,Tumor 2 (Ki67 Proliferating),Tumor
1273,1274,Tumor 2 (Ki67 Proliferating),Tumor
1409,1410,Tumor 2 (Ki67 Proliferating),Tumor
1445,1446,Tumor 3,Tumor
1383,1384,Tumor 2 (Ki67 Proliferating),Tumor
1365,1366,Tumor 2 (Ki67 Proliferating),Tumor
1347,1348,Tumor 2 (Ki67 Proliferating),Tumor
1633,1634,Tumor 2 (Ki67 Proliferating),Tumor
1463,1464,Tumor 4,Tumor
1322,1323,Tumor 7,Tumor
1303,1304,Tumor 2 (Ki67 Proliferating),Tumor
1418,1419,Tumor 4,Tumor
1412,1413,Tumor 4,Tumor
1339,1340,Tumor 2 (Ki67 Proliferating),Tumor
428,429,Tumor 7,Tumor
433,434,Tumor 1,Tumor
191,192,Tumor 7,Tumor
220,221,Tumor 2 (Ki67 Proliferating),Tumor
243,244,Tumor 2 (Ki67 Proliferating),Tumor
240,241,Tumor 6 / DC,Tumor
498,499,Tumor 2 (Ki67 Proliferating),Tumor
475,476,Tumor 3,Tumor
546,547,Tumor 2 (Ki67 Proliferating),Tumor
1053,1054,Tumor 3,Tumor
1036,1037,Tumor 4,Tumor
1021,1022,Tumor 4,Tumor
1166,1167,Tumor 4,Tumor
1222,1223,Tumor 1,Tumor
1192,1193,Tumor 2 (Ki67 Proliferating),Tumor
1155,1156,Tumor 3,Tumor
1197,1198,Tumor 2 (Ki67 Proliferating),Tumor
903,904,Tumor 4,Tumor
877,878,Tumor 4,Tumor
897,898,Tumor 4,Tumor
937,938,Tumor 3,Tumor
933,934,Tumor 4,Tumor
1207,1208,Tumor 2 (Ki67 Proliferating),Tumor
1181,1182,Tumor 4,Tumor
1242,1243,Tumor 2 (Ki67 Proliferating),Tumor
1281,1282,Tumor 2 (Ki67 Proliferating),Tumor
1284,1285,Tumor 2 (Ki67 Proliferating),Tumor
636,637,Tumor 1,Tumor
1552,1553,Tumor 4,Tumor
1317,1318,Tumor 3,Tumor
1342,1343,Tumor 3,Tumor
1375,1376,Tumor 3,Tumor
1529,1530,Tumor 1,Tumor
1433,1434,Tumor 4,Tumor
1478,1479,Tumor 2 (Ki67 Proliferating),Tumor
1565,1566,Tumor 1,Tumor
1613,1614,Tumor 7,Tumor
1560,1561,Tumor 2 (Ki67 Proliferating),Tumor
1577,1578,Tumor 4,Tumor
1616,1617,Tumor 4,Tumor
1626,1627,Tumor 2 (Ki67 Proliferating),Tumor
1596,1597,Tumor 1,Tumor
1530,1531,Tumor 1,Tumor
1518,1519,Tumor 3,Tumor
1337,1338,Tumor 2 (Ki67 Proliferating),Tumor
1382,1383,Tumor 1,Tumor
1364,1365,Tumor 2 (Ki67 Proliferating),Tumor
1475,1476,Tumor 4,Tumor
654,655,Tumor 1,Tumor
624,625,Tumor 1,Tumor
655,656,Tumor 1,Tumor
649,650,Tumor 1,Tumor
700,701,Tumor 3,Tumor
1305,1306,Tumor 3,Tumor
1371,1372,Tumor 3,Tumor
1485,1486,Tumor 2 (Ki67 Proliferating),Tumor
1489,1490,Tumor 4,Tumor
1519,1520,Tumor 3,Tumor
1523,1524,Tumor 3,Tumor
1499,1500,Tumor 7,Tumor
1514,1515,Tumor 1,Tumor
1553,1554,Tumor 3,Tumor
1528,1529,Tumor 3,Tumor
1503,1504,Tumor 1,Tumor
1440,1441,Tumor 3,Tumor
1457,1458,Tumor 2 (Ki67 Proliferating),Tumor
1361,1362,Tumor 4,Tumor
1330,1331,Tumor 4,Tumor
1348,1349,Tumor 4,Tumor
1393,1394,Tumor 4,Tumor
1398,1399,Tumor 4,Tumor
1419,1420,Tumor 2 (Ki67 Proliferating),Tumor
1488,1489,Tumor 3,Tumor
1486,1487,Tumor 1,Tumor
1520,1521,Tumor 1,Tumor
1411,1412,Tumor 7,Tumor
1510,1511,Tumor 6 / DC,Tumor
1542,1543,Tumor 3,Tumor
1567,1568,Tumor 7,Tumor
1598,1599,Tumor 1,Tumor
1597,1598,Tumor 4,Tumor
1609,1610,Tumor 3,Tumor
1603,1604,Tumor 4,Tumor
1562,1563,Tumor 4,Tumor
1623,1624,Tumor 4,Tumor
1661,1662,Tumor 4,Tumor
1612,1613,Tumor 4,Tumor
1595,1596,Tumor 4,Tumor
1647,1648,Tumor 3,Tumor
1571,1572,Tumor 4,Tumor
1586,1587,Tumor 4,Tumor
1352,1353,Tumor 2 (Ki67 Proliferating),Tumor
1391,1392,Tumor 6 / DC,Tumor
1410,1411,Tumor 3,Tumor
1331,1332,Tumor 2 (Ki67 Proliferating),Tumor
1346,1347,Tumor 2 (Ki67 Proliferating),Tumor
1509,1510,Tumor 4,Tumor
1517,1518,Tumor 4,Tumor
1511,1512,Tumor 4,Tumor
1555,1556,Tumor 4,Tumor
1477,1478,Tumor 4,Tumor
1438,1439,Tumor 4,Tumor
1380,1381,Tumor 2 (Ki67 Proliferating),Tumor
1387,1388,Tumor 7,Tumor
1378,1379,Tumor 4,Tumor
1357,1358,Tumor 1,Tumor
1376,1377,Tumor 3,Tumor
1328,1329,Tumor 7,Tumor
1308,1309,Tumor 1,Tumor
1358,1359,Tumor 1,Tumor
1318,1319,Tumor 7,Tumor
1319,1320,Tumor 7,Tumor
1343,1344,Tumor 1,Tumor
1381,1382,Tumor 7,Tumor
1532,1533,Tumor 3,Tumor
1521,1522,Tumor 1,Tumor
1568,1569,Tumor 1,Tumor
1421,1422,Tumor 4,Tumor
1413,1414,Tumor 3,Tumor
1408,1409,Tumor 6 / DC,Tumor
1450,1451,Tumor 3,Tumor
1482,1483,Tumor 3,Tumor
1468,1469,Tumor 7,Tumor
1493,1494,Tumor 1,Tumor
1464,1465,Tumor 3,Tumor
1492,1493,Tumor 1,Tumor
